	Class	Date	Mean	SD
1	Bacillariophyta	11618	0.194670825	0.036489441
2	Bacillariophyta	12418	0.2184125	0.014998509
3	Bacillariophyta	20118	0.366287149	0.067985288
4	Bacillariophyta	20818	0.346953684	0.006125579
5	Bacillariophyta	22118	0.132593358	0.014851619
6	Bacillariophyta	31617	0.183643765	0.006349853
7	Bacillariophyta	32217	0.122852819	0.041818176
8	Bacillariophyta	32917	0.147307472	0.0219759
9	Bacillariophyta	41217	0.118177587	0.007341784
10	Bacillariophyta	42017	0.129248549	0.009748188
11	Bacillariophyta	50317	0.201777761	0.010321822
12	Bacillariophyta	60717	0.154565379	0.005306885
13	Bacillariophyta	61517	0.451300315	0.014883922
14	Bacillariophyta	62217	0.161024446	0.012661479
15	Bacillariophyta	70617	0.195311735	0.01728074
16	Bacillariophyta	72117	0.337980813	0.010295655
17	Bacillariophyta	72717	0.304825823	0.03888617
18	Bacillariophyta	80317	0.207274099	0.005783728
19	Bacillariophyta	81017	0.323897429	0.030393645
20	Bacillariophyta	81617	0.271269233	0.033660087
21	Bacillariophyta	82317	0.344366729	0.006843185
22	Bacillariophyta	83017	0.30086778	0.003440608
23	Bacillariophyta	90617	0.293552116	0.01396019
24	Bacillariophyta	92017	0.230519925	0.019918526
25	Bacillariophyta	92617	0.242115363	0.009877611
26	Bacillariophyta	100417	0.339489116	0.004304724
27	Bacillariophyta	101117	0.27568639	0.01488152
28	Bacillariophyta	101817	0.248979586	0.004081247
29	Bacillariophyta	110817	0.317048021	0.016896805
30	Bacillariophyta	111617	0.170557903	0.008078502
31	Bacillariophyta	112117	0.2173434	0.024927862
32	Bacillariophyta	120717	0.231940755	0.00906885
33	Bacillariophyta	121417	0.151913481	0.010017152
34	Cryptophyceae	11618	0.108703598	0.009989913
35	Cryptophyceae	12418	0.054768297	0.002300472
36	Cryptophyceae	20118	0.051195539	0.012240009
37	Cryptophyceae	20818	0.055486299	0.004021385
38	Cryptophyceae	22118	0.088095373	0.007054715
39	Cryptophyceae	31617	0.185797975	0.010905826
40	Cryptophyceae	32217	0.070652464	0.002352905
41	Cryptophyceae	32917	0.156704245	0.00937595
42	Cryptophyceae	41217	0.147749341	0.021790324
43	Cryptophyceae	42017	0.06284401	0.00346988
44	Cryptophyceae	50317	0.08644086	0.002846984
45	Cryptophyceae	60717	0.058922836	0.010430961
46	Cryptophyceae	61517	0.064826622	0.008953106
47	Cryptophyceae	62217	0.134487441	0.017998661
48	Cryptophyceae	70617	0.076799162	0.002540456
49	Cryptophyceae	72117	0.082136735	0.003475797
50	Cryptophyceae	72717	0.07528686	0.004794902
51	Cryptophyceae	81017	0.077924333	0.008540702
52	Cryptophyceae	82317	0.055314759	0.002823848
53	Cryptophyceae	90617	0.076046155	0.007570345
54	Cryptophyceae	92017	0.073317695	0.002921682
55	Cryptophyceae	100417	0.099284334	0.009578169
56	Cryptophyceae	101117	0.086951991	0.008190373
57	Cryptophyceae	101817	0.085774698	0.003771193
58	Cryptophyceae	110817	0.106364528	0.008004166
59	Cryptophyceae	111617	0.190594533	0.02106258
60	Cryptophyceae	112117	0.151864838	0.016186631
61	Cryptophyceae	120717	0.127527172	0.00751332
62	Cryptophyceae	121417	0.196300829	0.009637151
63	Dinophyceae	11618	0.396466517	0.030226835
64	Dinophyceae	12418	0.489355427	0.016402539
65	Dinophyceae	20118	0.262336946	0.03279756
66	Dinophyceae	20818	0.222696621	0.01202418
67	Dinophyceae	22118	0.308911841	0.023739625
68	Dinophyceae	31617	0.201513646	0.01277859
69	Dinophyceae	32217	0.177631534	0.007073171
70	Dinophyceae	32917	0.229777995	0.00781001
71	Dinophyceae	41217	0.273569143	0.033364077
72	Dinophyceae	42017	0.095285735	0.018616512
73	Dinophyceae	50317	0.077462764	0.008116907
74	Dinophyceae	60717	0.250160835	0.012199341
75	Dinophyceae	61517	0.137225661	0.023130537
76	Dinophyceae	62217	0.251285419	0.031183669
77	Dinophyceae	70617	0.361681516	0.018430886
78	Dinophyceae	72117	0.192019144	0.005668295
79	Dinophyceae	72717	0.152827139	0.006525279
80	Dinophyceae	80317	0.096378993	0.005624186
81	Dinophyceae	81017	0.175774337	0.009599612
82	Dinophyceae	81617	0.230188594	0.01168365
83	Dinophyceae	82317	0.270525707	0.009290842
84	Dinophyceae	83017	0.143927328	0.004094161
85	Dinophyceae	90617	0.202203854	0.001466461
86	Dinophyceae	92017	0.220745102	0.004796538
87	Dinophyceae	92617	0.134530332	0.004748691
88	Dinophyceae	100417	0.212161834	0.016373575
89	Dinophyceae	101117	0.18033281	0.004883785
90	Dinophyceae	101817	0.233773619	0.008800635
91	Dinophyceae	110817	0.172160774	0.016799759
92	Dinophyceae	111617	0.156230009	0.012438362
93	Dinophyceae	112117	0.102244797	0.005291708
94	Dinophyceae	120717	0.283795053	0.022995838
95	Dinophyceae	121417	0.181935126	0.01311911
96	Filosa-Thecofilosea	11618	0.075730222	0.005768972
97	Filosa-Thecofilosea	20818	0.062641019	0.002867677
98	Mamiellophyceae	22118	0.218472426	0.011404247
99	Mamiellophyceae	31617	0.116521218	0.012052911
100	Mamiellophyceae	32217	0.41909512	0.062144903
101	Mamiellophyceae	32917	0.087524265	0.009513657
102	Mamiellophyceae	41217	0.160843238	0.008501756
103	Mamiellophyceae	42017	0.479401735	0.042698552
104	Mamiellophyceae	50317	0.354319455	0.043668468
105	Mamiellophyceae	60717	0.125811143	0.010693246
106	Mamiellophyceae	61517	0.06449329	0.010044635
107	Mamiellophyceae	62217	0.095552509	0.01424804
108	Mamiellophyceae	70617	0.079395068	0.011259596
109	Mamiellophyceae	72117	0.09772406	0.006066872
110	Mamiellophyceae	80317	0.205435962	0.013571097
111	Mamiellophyceae	81017	0.088959012	0.007485142
112	Mamiellophyceae	81617	0.119513391	0.00357928
113	Mamiellophyceae	82317	0.073767046	0.00435335
114	Mamiellophyceae	83017	0.085150863	0.006805966
115	Mamiellophyceae	90617	0.091187109	0.004482474
116	Mamiellophyceae	92017	0.13507921	0.006453712
117	Mamiellophyceae	92617	0.282535499	0.011797958
118	Mamiellophyceae	100417	0.093947938	0.005710984
119	Mamiellophyceae	101117	0.134144724	0.006347915
120	Mamiellophyceae	101817	0.069203966	0.006447322
121	Mamiellophyceae	110817	0.108978547	0.003370905
122	Mamiellophyceae	111617	0.224126849	0.019149016
123	Mamiellophyceae	112117	0.213930212	0.001047149
124	Mamiellophyceae	121417	0.148129212	0.024731717
125	Spirotrichea	11618	0.070624807	0.026257843
126	Spirotrichea	12418	0.068281323	0.012596023
127	Spirotrichea	20118	0.145839888	0.006159415
128	Spirotrichea	20818	0.095659508	0.006357821
129	Spirotrichea	22118	0.078960432	0.011487794
130	Spirotrichea	31617	0.102145389	0.008802783
131	Spirotrichea	32217	0.089676264	0.017188024
132	Spirotrichea	32917	0.08106141	0.002758572
133	Spirotrichea	42017	0.068918149	0.008534872
134	Spirotrichea	50317	0.098260757	0.013878361
135	Spirotrichea	60717	0.088408735	0.007108743
136	Spirotrichea	70617	0.062918321	0.002587932
137	Spirotrichea	72117	0.060182946	0.008302558
138	Spirotrichea	72717	0.092262358	0.002677111
139	Spirotrichea	80317	0.078233559	0.009398811
140	Spirotrichea	81017	0.067617247	0.008465839
141	Spirotrichea	81617	0.109530804	0.013530962
142	Spirotrichea	82317	0.080204216	0.005619338
143	Spirotrichea	83017	0.083144615	0.017218019
144	Spirotrichea	92617	0.061038317	0.01338072
145	Spirotrichea	100417	0.093735723	0.010621056
146	Spirotrichea	101117	0.126620782	0.026084569
147	Spirotrichea	101817	0.081562109	0.007844769
148	Spirotrichea	110817	0.064942194	0.006452217
149	Spirotrichea	111617	0.065423378	0.014521386
150	Spirotrichea	112117	0.170465637	0.003236928
151	Spirotrichea	121417	0.100710603	0.004755802
152	Syndiniales	22118	0.057267787	0.002172787
153	Syndiniales	31617	0.050306198	0.003628636
154	Syndiniales	32917	0.079864789	0.006515463
155	Syndiniales	41217	0.075520913	0.007969355
156	Syndiniales	42017	0.065844239	0.007914705
157	Syndiniales	60717	0.239381515	0.011893229
158	Syndiniales	61517	0.145985891	0.015172408
159	Syndiniales	62217	0.177427256	0.00120207
160	Syndiniales	70617	0.147161394	0.004765465
161	Syndiniales	72117	0.156749004	0.003935974
162	Syndiniales	72717	0.199364955	0.014934548
163	Syndiniales	80317	0.280704283	0.012256221
164	Syndiniales	81017	0.196453437	0.027550007
165	Syndiniales	81617	0.151317664	0.006501624
166	Syndiniales	82317	0.10654733	0.008405854
167	Syndiniales	83017	0.278412388	0.010689901
168	Syndiniales	90617	0.193034012	0.002911702
169	Syndiniales	92017	0.182739206	0.007981037
170	Syndiniales	92617	0.149173468	0.006362096
171	Syndiniales	100417	0.064551488	0.002646885
172	Syndiniales	101117	0.095302106	0.00190464
173	Syndiniales	101817	0.129812968	0.006809186
174	Syndiniales	110817	0.062621641	0.000704004
175	Other	11618	0.132	0.019974984
176	Other	12418	0.168666667	0.015011107
177	Other	20118	0.203666667	0.003511885
178	Other	20818	0.215666667	0.010066446
179	Other	22118	0.115	0.01
180	Other	31617	0.191666667	0.028431204
181	Other	32217	0.118666667	0.020502032
182	Other	32917	0.218	0.007211103
183	Other	41217	0.225	0.017349352
184	Other	42017	0.1	0.008888194
185	Other	50317	0.164	0.026514147
186	Other	60717	0.084	0.004582576
187	Other	61517	0.137333333	0.01040833
188	Other	62217	0.142666667	0.030353473
189	Other	70617	0.076	0.011532563
190	Other	72117	0.073666667	0.004163332
191	Other	72717	0.156666667	0.014640128
192	Other	80317	0.13	0.010535654
193	Other	81017	0.068333333	0.007637626
194	Other	81617	0.098	0.033151169
195	Other	82317	0.068	0.007549834
196	Other	83017	0.1075	0.010606602
197	Other	90617	0.108666667	0.024193663
198	Other	92017	0.122666667	0.019655364
199	Other	92617	0.147333333	0.032624122
200	Other	100417	0.097	0.011357817
201	Other	101117	0.102	0.002828427
202	Other	101817	0.150666667	0.004041452
203	Other	110817	0.167	0.006928203
204	Other	111617	0.209666667	0.01266228
205	Other	112117	0.1445	0.007778175
206	Other	120717	0.293333333	0.006027714
207	Other	121417	0.22	0.015
