# Constructed from biom file
#OTU.ID	11618A	11618B	11618C	12418A	12418B	12418C	20118A	20118B	20118C	20818A	20818B	20818C	22118A	22118B	22118C	31617A	31617B	31617C	32217A	32217B	32217C	32917A	32917B	32917C	41217A	41217B	41217C	42017A	42017B	42017C	50317A	50317B	50317C	60717A	60717B	60717C	61517A	61517B	61517C	62217A	62217B	62217C	70617A	70617B	70617C	72117A	72117B	72117C	72717A	72717B	72717C	80317A	80317B	80317C	81017A	81017B	81017C	81617A	81617B	81617C	82317A	82317B	82317C	83017A	83017B	92017A	92017B	92017C	92617A	92617B	92617C	100417A	100417B	100417C	101117A	101117B	101817A	101817B	101817C	110817A	110817B	110817C	111617A	111617B	111617C	112117A	112117B	120717A	120717B	120717C	121417A	121417B	121417C	taxonomy
ASV_1	29	33	25	0	0	0	0	0	0	0	0	0	0	0	0	192	297	283	738	891	932	186	131	51	1293	833	1408	24681	15497	15782	26003	18757	19549	5994	6540	5028	2070	1618	1977	6563	2866	4631	1718	2742	3512	5498	4874	3944	1145	1113	1179	11561	6871	8103	2997	3353	2885	4019	5563	3303	1666	1771	2148	6112	2710	6738	5939	5822	13954	8319	13233	2659	5122	1380	4913	3200	2075	3180	1887	3363	4354	3583	10526	9581	11041	2040	6400	503	955	596	2560	1643	2693	c_Mamiellophyceae; o_Mamiellales; f_Bathycoccaceae; g_Ostreococcus; s_Ostreococcus_tauri
SSV_3	0	0	0	0	0	0	0	0	0	0	0	0	0	0	0	0	0	0	0	0	0	0	0	0	0	0	0	0	0	0	515	468	407	7375	8601	6815	3359	2537	2874	1133	916	1183	689	1093	1260	7596	6602	5380	3373	3817	4483	9682	6845	5974	3822	4217	3900	1994	3216	1899	1744	1593	2177	12753	5901	5101	4632	5046	1916	1144	1740	679	1110	352	1381	780	1432	1755	1030	105	122	93	79	63	71	0	37	0	0	0	0	0	0	c_Syndiniales; o_Dino-Group-I; f_Dino-Group-I-Clade-1; g_Dino-Group-I-Clade-1_X; s_Dino-Group-I-Clade-1_X_sp.
ASV_5	2270	3226	1707	1092	831	1520	1127	1222	916	1165	862	1266	2087	1930	2814	1750	2562	2896	7780	8501	7717	2988	2089	1078	1436	1148	1360	3848	1944	2531	2339	2193	1963	923	904	756	1256	1067	1228	1545	697	1156	541	941	1223	1405	1123	1009	546	639	675	1150	737	770	821	869	733	859	1268	699	259	280	370	941	380	1047	852	861	1232	714	1149	438	871	209	851	557	380	483	276	1287	1655	1358	4944	4260	4829	1221	4135	561	961	553	3763	2491	3522	c_Mamiellophyceae; o_Mamiellales; f_Bathycoccaceae; g_Bathycoccus; s_Bathycoccus_prasinos
ASV_7	201	191	175	0	0	0	0	0	0	0	0	0	0	0	0	819	1402	1802	147	245	188	767	527	276	5250	4141	5597	146	86	169	1313	1319	1525	687	452	437	1304	1309	1661	4731	2662	3430	994	867	1363	1182	1566	1412	546	647	749	270	196	113	418	654	557	516	842	554	649	805	781	135	56	2126	1814	1900	438	396	550	389	841	251	765	436	1274	1507	1105	3003	2903	3195	5388	7357	7300	707	2600	3598	6013	3752	2647	3721	3515	c_Dinophyceae; o_Peridiniales; f_Heterocapsaceae; g_Heterocapsa; s_Heterocapsa_pygmaea
ASV_9	0	0	0	0	0	0	0	0	0	0	0	0	0	0	0	0	21	41	0	0	0	25	18	0	78	27	91	415	191	338	481	453	565	663	691	453	7745	8580	9674	1983	1424	1914	1481	1533	2156	1902	2068	1924	1945	2512	2910	2422	1852	1259	1209	1984	1521	905	1710	988	1216	1642	1700	3094	1546	2142	1804	1768	1326	866	1251	370	715	230	2072	1071	1530	1746	1422	3038	2882	2694	807	1057	1197	330	961	237	434	286	215	233	228	c_Bacillariophyta; o_Bacillariophyta_X; f_Polar-centric-Mediophyceae; g_Thalassiosira; s_Thalassiosira_sp.
ASV_10	1675	2346	1212	866	877	1271	562	603	436	226	213	275	188	185	265	961	1725	2212	59	139	113	2734	2526	1063	353	171	403	425	185	373	1015	961	1074	885	820	718	997	918	1045	3924	1669	3377	181	315	379	670	657	518	1250	1093	1019	915	496	553	398	529	318	408	533	302	477	567	645	1833	962	1633	1460	1379	656	382	616	183	261	117	759	550	656	834	531	1131	1442	1271	1270	1201	1323	301	1084	1023	2249	1351	768	788	917	c_Picozoa_X; o_Picozoa_XX; f_Picozoa_XXX; g_Picozoa_XXXX; s_Picozoa_XXXX_sp.
ASV_11	83	78	129	75	56	121	104	237	123	112	92	126	69	46	91	20	52	85	0	48	34	61	79	48	81	52	85	156	58	67	595	563	642	79	56	80	104	230	246	914	602	933	719	974	641	898	640	681	892	1560	1526	450	284	218	949	1401	1424	849	1893	1178	484	507	470	2140	875	1763	1685	1014	3256	2669	3259	7511	14054	4063	2112	1252	1278	1436	1097	1153	1253	1142	652	727	846	153	287	155	339	167	236	219	255	c_Bacillariophyta; o_Bacillariophyta_X; f_Polar-centric-Mediophyceae; g_Cyclotella; s_Cyclotella_striata
ASV_12	0	0	0	0	0	0	0	0	0	0	0	0	0	0	19	64	60	136	37	48	59	89	76	45	255	124	234	4407	2627	3287	2962	3054	2984	6367	6505	4535	4084	4535	4295	2439	1487	2811	194	299	364	711	647	607	419	545	605	823	513	536	651	967	708	474	733	432	240	205	301	320	138	893	637	816	1656	885	1535	539	637	210	453	240	166	251	164	331	356	307	423	336	471	85	241	110	191	111	142	210	194	c_Bacillariophyta; o_Bacillariophyta_X; f_Polar-centric-Mediophyceae; g_Skeletonema; s_Skeletonema_sp.
ASV_13	2917	3355	2366	1446	1129	1613	1636	983	806	1000	892	1218	321	340	389	1794	3366	4283	897	1316	1069	2717	2532	1134	1330	557	1594	595	357	559	1105	999	1058	1360	944	791	0	820	0	0	0	0	708	0	1111	0	969	1010	0	0	0	609	352	231	513	841	566	448	478	392	0	0	0	490	234	0	0	0	538	347	553	0	0	0	0	0	0	0	0	1083	0	0	2070	2549	3448	494	1986	625	1404	775	1216	1291	1638	c_Cryptophyceae; o_Cryptophyceae_X; f_Cryptomonadales; g_Geminigera; s_Geminigera_cryophila
ASV_15	1744	2400	1513	543	454	466	399	328	215	348	306	365	721	781	955	313	607	832	272	442	364	2269	1956	885	762	364	850	312	162	272	932	851	805	811	598	442	785	661	651	2200	917	1703	1030	1318	1577	1922	1620	1580	647	766	738	200	123	78	767	1186	658	496	462	338	387	442	511	200	85	837	720	621	276	184	334	525	1197	327	564	327	570	698	566	668	826	804	1000	1142	1529	159	579	468	786	444	829	812	1063	c_Cryptophyceae; o_Cryptophyceae_X; f_Cryptomonadales; g_Plagioselmis; s_Plagioselmis_prolonga
ASV_17	707	939	513	162	103	193	129	122	91	211	162	186	448	448	577	1137	1841	2259	645	1021	837	1699	1383	644	810	476	914	614	313	432	1114	1100	1165	521	389	440	851	593	769	1778	715	1360	293	385	481	457	337	302	284	299	414	384	238	201	261	266	249	291	254	189	107	118	160	264	112	417	336	273	358	260	342	377	706	164	277	180	139	208	140	274	446	404	2752	2741	3292	470	1853	606	1174	671	1958	1573	2244	c_Cryptophyceae; o_Cryptophyceae_X; f_Cryptomonadales; g_Hemiselmis; s_Hemiselmis_cryptochromatica
ASV_19	13	54	7	31	27	11	12	41	17	44	49	48	2	3	3	13	14	25	0	26	16	21	0	0	21	9	13	125	99	82	123	153	141	661	514	402	3914	5119	4787	105	92	140	92	148	146	1889	2341	2034	757	1316	1308	729	421	373	704	1216	996	1086	1820	1125	827	799	1026	1948	876	1103	991	799	840	478	702	440	879	334	633	327	417	502	374	504	488	540	231	266	287	142	298	132	353	233	280	212	234	c_Bacillariophyta; o_Bacillariophyta_X; f_Polar-centric-Mediophyceae; g_Cyclotella; s_Cyclotella_sp.
ASV_20	14	32	36	32	12	64	0	0	16	0	0	0	12	0	0	0	0	56	0	21	0	0	0	0	0	37	32	0	9	25	0	11	21	45	62	64	111	74	145	182	302	407	3125	4623	4674	601	473	429	751	1249	1064	718	413	363	2346	2555	2431	2726	2676	1653	2713	3407	3265	903	336	270	295	167	310	310	395	179	261	87	74	62	40	55	30	0	54	59	0	68	0	12	96	70	90	108	139	152	121	c_Dinophyceae; o_Gymnodiniales; f_Gymnodiniaceae; g_Akashiwo; s_Akashiwo_sanguinea
ASV_21	0	0	0	0	0	0	25	26	18	0	10	5	13	21	21	148	439	478	10	53	29	253	336	96	471	893	623	360	70	101	475	315	615	105	74	74	224	290	257	702	378	595	122	105	120	169	134	221	242	794	736	141	212	272	150	289	646	349	1081	678	690	570	578	3025	1343	1248	1138	1015	455	347	438	242	443	117	1004	466	852	1024	826	951	1669	1252	1242	1307	1812	192	552	508	925	541	117	143	194	c_Bacillariophyta; o_Bacillariophyta_X; f_Polar-centric-Mediophyceae; g_Thalassiosira; s_Thalassiosira_minima
ASV_23	369	408	345	99	85	110	108	96	94	198	124	163	242	271	323	556	1021	1498	325	613	568	1824	1579	807	1448	569	1624	414	210	325	292	202	267	617	316	222	106	140	136	321	160	200	155	165	167	743	648	632	185	218	211	50	27	17	178	263	168	116	134	103	72	84	82	27	11	1051	863	842	150	91	186	248	677	196	535	304	384	459	342	250	385	331	1337	1476	2084	282	1085	346	657	345	767	724	907	c_Cryptophyceae; o_Cryptophyceae_X; f_Cryptomonadales; g_Teleaulax; s_Teleaulax_acuta
ASV_24	680	953	567	140	238	202	144	142	106	239	169	224	2143	2398	2846	627	667	987	1028	1381	1183	2735	2085	1121	946	691	979	788	587	646	866	796	866	402	432	268	55	81	77	16	20	31	0	20	30	20	31	0	0	15	0	24	0	0	16	0	0	50	17	33	0	0	0	35	16	81	149	145	50	47	43	31	36	28	93	42	20	65	43	134	180	170	239	259	258	201	534	900	1310	706	1210	1145	1264	c_Dinophyceae; o_Gymnodiniales; f_Gymnodiniaceae; g_Gyrodinium; s_Gyrodinium_dominans
ASV_26	991	1115	944	231	204	253	115	102	44	0	48	55	85	91	124	412	813	1228	105	153	135	356	330	197	593	228	766	505	339	488	366	355	397	411	278	210	217	194	210	884	399	887	110	105	178	220	209	192	81	118	129	133	79	50	304	457	333	129	116	89	58	84	85	0	0	66	35	57	32	0	0	191	478	98	360	220	294	355	228	656	915	837	1421	1742	2139	427	1736	693	1386	769	1487	1661	2091	c_Cryptophyceae; o_Cryptophyceae_X; f_Cryptomonadales; g_Teleaulax; s_Teleaulax_gracilis
SSV_27	0	0	0	0	0	0	0	0	0	0	0	0	0	0	0	0	0	0	0	0	0	0	0	0	12	0	16	17	12	28	954	1140	1286	748	618	445	1233	1397	1669	1159	690	1079	208	246	322	430	571	534	864	843	956	1456	1030	849	171	263	184	472	436	408	325	495	413	1345	547	839	681	629	954	787	1090	243	540	159	575	388	809	848	668	328	386	368	223	466	438	12	75	0	17	18	0	0	0	c_Syndiniales; o_Dino-Group-III; f_Dino-Group-III_X; g_Dino-Group-III_XX; s_Dino-Group-III_XX_sp.
ASV_28	0	0	0	0	0	0	0	0	0	0	0	0	0	0	0	0	0	0	0	0	0	0	0	0	0	0	0	0	0	0	0	0	0	120	114	78	193	239	314	4819	2971	3530	1539	1348	2153	788	938	852	268	323	341	136	89	70	320	396	329	245	346	240	149	258	228	46	25	1180	1015	1067	370	322	486	458	866	234	418	275	735	968	776	663	693	757	299	446	525	0	0	0	0	0	0	0	0	c_Dinophyceae; o_Peridiniales; f_Heterocapsaceae; g_Heterocapsa; s_Heterocapsa_sp.
ASV_29	35	22	35	8	6	14	65	99	81	102	73	90	201	159	259	140	240	366	16	103	36	499	520	249	631	203	668	551	300	380	1847	2183	2091	100	78	65	29	84	86	215	240	255	95	138	86	251	182	175	324	552	603	72	32	24	211	218	196	76	158	43	81	122	118	236	75	164	140	82	23	39	44	57	51	24	124	76	98	102	83	973	1170	973	868	1555	1429	560	1561	940	2259	1532	1834	1683	1960	c_Bacillariophyta; o_Bacillariophyta_X; f_Radial-centric-basal-Coscinodiscophyceae; g_Actinocyclus; s_Actinocyclus_curvatulus
ASV_30	0	39	24	26	0	20	0	36	17	43	0	0	132	99	152	521	853	1013	881	1054	1019	1721	1615	704	698	435	694	102	66	100	209	248	255	759	813	664	256	370	429	516	246	648	836	928	1393	1093	1106	898	296	173	235	656	552	462	197	295	241	520	486	279	132	171	154	642	344	235	269	161	89	84	123	66	199	69	181	193	291	264	152	325	369	407	366	292	300	43	226	267	585	412	153	90	146	c_Dinophyceae; o_Gymnodiniales; f_Gymnodiniaceae; g_Gymnodinium; s_Gymnodinium_sp.
ASV_32	0	0	0	0	0	0	0	0	0	0	0	0	0	0	0	0	0	0	0	0	0	0	0	0	0	0	0	0	0	0	0	0	0	2875	1538	1568	210	466	516	73	27	75	103	189	137	2985	1893	1939	587	642	967	540	250	261	191	462	457	405	1309	952	596	476	599	1224	559	949	863	629	280	198	278	167	973	256	1635	822	456	652	427	206	371	248	282	145	338	73	210	0	0	25	0	36	0	c_Dinophyceae; o_Gymnodiniales; f_Gymnodiniaceae; g_Gyrodinium; s_Gyrodinium_sp.
ASV_34	408	568	302	185	124	295	285	352	225	428	198	515	307	328	414	528	879	1150	483	736	729	962	645	402	460	206	520	698	382	516	1336	1190	1253	408	265	328	323	276	353	516	254	581	116	208	222	100	57	74	64	36	52	179	102	90	134	237	144	191	129	164	56	74	77	101	71	248	231	139	167	83	132	64	208	44	95	49	42	79	57	90	256	181	855	995	933	226	792	289	576	354	1264	644	1232	c_Cryptophyceae; o_Cryptophyceae_X; f_Cryptomonadales; g_Falcomonas; s_Falcomonas_daucoides
ASV_36	0	0	7	0	0	0	0	0	0	0	0	0	0	0	0	2314	4349	5064	1196	4206	4083	1466	1549	958	71	60	94	318	146	225	295	287	259	6	0	0	0	5	0	13	0	26	274	440	158	36	7	17	15	34	35	133	46	89	710	861	747	23	47	31	25	31	42	31	19	19	36	0	10	0	17	24	20	8	47	39	59	65	45	42	96	52	15	18	18	8	11	0	9	0	9	0	0	c_Bacillariophyta; o_Bacillariophyta_X; f_Radial-centric-basal-Coscinodiscophyceae; g_Corethron; s_Corethron_hystrix
ASV_38	0	0	0	0	0	0	0	0	0	0	0	0	0	11	20	179	409	264	189	388	468	224	281	148	63	44	96	4752	2117	2801	295	362	252	431	407	311	120	218	251	136	113	334	62	54	93	331	260	196	311	240	320	322	228	307	266	230	255	222	432	199	184	214	271	1178	937	346	391	294	266	262	437	558	776	256	1395	922	593	534	539	146	271	131	23	43	46	0	54	4	0	0	14	20	27	c_Spirotrichea; o_Strombidiida; f_Strombidiidae_M; g_Strombidium_M; s_Strombidium_M_sp.
ASV_40	14	0	0	0	0	0	0	0	0	0	0	5	0	0	0	47	79	76	215	182	255	26	0	0	365	201	370	3317	2409	2654	1847	1519	1421	1044	1181	917	221	206	280	248	115	252	71	125	145	141	123	106	23	14	13	130	78	107	60	66	58	96	125	43	24	36	25	65	24	107	122	95	294	185	247	139	169	50	284	161	126	200	122	227	331	307	827	745	821	225	831	128	257	141	860	670	921	c_Mamiellophyceae; o_Mamiellales; f_Bathycoccaceae; g_Ostreococcus; s_Ostreococcus_clade_B
SSV_43	0	0	0	0	0	0	0	0	0	0	0	0	0	0	0	0	0	0	0	0	0	0	0	0	0	7	6	7	0	8	0	0	0	15	0	6	18	42	37	459	343	468	2897	3496	4369	51	70	43	35	57	53	265	234	361	3417	2735	1964	346	486	426	33	33	83	377	143	164	468	106	417	55	131	23	119	20	39	8	37	46	24	4	9	0	8	19	0	0	0	30	47	18	8	10	3	c_Syndiniales; o_Dino-Group-II; f_Dino-Group-II-Clade-3; g_Dino-Group-II-Clade-3_X; s_Dino-Group-II-Clade-3_X_sp.
ASV_46	0	0	0	0	0	0	0	0	0	0	0	0	0	0	0	0	0	0	0	0	0	0	0	0	0	0	0	0	0	0	0	0	0	0	0	0	0	0	7	23	12	8	69	45	81	296	234	241	341	551	484	1414	964	1045	669	1189	1284	594	1363	734	896	814	735	1495	781	537	514	414	162	97	151	69	184	65	159	70	80	95	67	52	74	35	21	23	16	0	0	17	29	20	0	0	13	c_Bacillariophyta; o_Bacillariophyta_X; f_Polar-centric-Mediophyceae; g_Thalassiosira; s_Thalassiosira_sp.
ASV_47	361	340	355	163	134	187	459	300	224	288	272	194	175	170	276	204	334	547	119	214	120	553	588	181	301	136	281	568	170	260	303	430	232	18	29	19	44	45	51	28	27	42	25	25	28	38	43	48	38	94	98	82	36	23	83	66	122	62	144	99	79	29	55	224	101	251	226	252	271	150	228	133	225	66	463	113	316	371	298	417	453	439	497	473	581	67	251	248	549	360	569	631	653	c_Bacillariophyta; o_Bacillariophyta_X; f_Polar-centric-Mediophyceae; g_Thalassiosira; s_Thalassiosira_sp.
ASV_48	0	0	0	0	0	0	0	0	0	0	0	0	0	0	0	297	532	542	144	223	220	238	228	73	0	53	54	928	568	949	379	351	450	1224	1088	815	275	293	407	256	150	241	0	0	0	186	257	224	192	195	219	419	307	204	65	132	142	154	233	124	0	59	72	280	114	527	496	351	120	88	113	165	393	91	252	142	399	474	353	407	426	452	152	138	134	0	125	0	0	0	0	0	0	c_Dinophyceae; o_Dinophyceae_X; f_Dinophyceae_XX; g_Dinophyceae_XXX; s_Dinophyceae_XXX_sp.
SSV_50	0	0	0	0	0	0	0	0	0	0	0	0	0	0	0	0	0	0	0	0	0	0	0	0	0	0	0	0	0	0	0	0	0	875	557	546	52	50	85	167	86	164	42	43	68	242	37	183	162	211	224	1567	881	930	91	101	121	59	34	15	17	24	24	539	338	1086	854	694	324	180	303	100	151	43	810	556	580	816	494	97	130	148	62	47	52	0	6	0	0	0	0	0	0	c_Syndiniales; o_Dino-Group-II; f_Dino-Group-II-Clade-1; g_Dino-Group-II-Clade-1_X; s_Dino-Group-II-Clade-1_X_sp.
ASV_54	289	348	222	103	77	94	143	101	50	133	98	116	81	126	100	168	308	336	89	141	85	389	314	133	258	185	345	158	90	121	231	211	192	370	197	167	115	110	94	323	162	353	125	165	248	520	427	481	170	166	138	50	35	22	143	160	109	122	109	76	46	49	85	35	15	111	86	59	47	24	26	97	158	51	133	55	100	127	120	413	594	623	855	998	1289	29	97	78	107	77	143	190	203	c_Cryptophyceae; o_Cryptophyceae_X; f_Cryptomonadales; g_Plagioselmis; s_Plagioselmis_prolonga
ASV_58	98	86	99	32	31	34	41	29	0	0	29	0	0	0	0	33	22	88	17	34	33	103	88	38	249	112	294	21	11	17	501	425	535	232	103	91	90	106	96	254	219	327	77	90	130	337	470	417	319	302	315	20	0	12	204	321	196	148	209	88	113	98	145	0	0	416	261	379	58	40	68	107	171	66	199	106	229	277	219	366	459	387	1070	1273	1493	17	39	28	66	33	91	180	135	c_Pyramimonadales; o_Pyramimonadales_X; f_Pyramimonadales_XX; g_Pyramimonas; s_Pyramimonas_australis
ASV_63	0	0	0	0	0	0	0	0	0	0	0	0	0	0	0	0	0	21	0	0	19	48	43	28	30	17	33	0	0	0	0	19	24	771	588	561	51	113	190	200	117	210	353	465	587	692	593	534	244	161	184	410	285	297	462	482	260	465	568	385	278	275	301	360	289	220	232	230	182	170	219	169	272	118	402	290	340	302	161	131	159	123	101	106	80	0	17	36	82	32	14	22	15	c_Dinophyceae; o_Gymnodiniales; f_Gymnodiniaceae; g_Gyrodinium; s_Gyrodinium_dominans
ASV_64	0	0	0	0	0	0	0	0	0	0	0	0	0	0	0	0	0	0	0	0	0	0	0	0	0	0	0	0	0	0	0	0	0	29	22	18	65	98	112	61	40	98	228	336	357	771	656	477	183	190	232	52	34	43	213	325	252	126	312	172	57	55	69	101	47	199	182	139	176	140	265	205	264	117	88	78	45	63	34	754	862	490	714	686	664	854	2443	140	384	192	151	127	153	c_Bacillariophyta; o_Bacillariophyta_X; f_Radial-centric-basal-Coscinodiscophyceae; g_Guinardia; s_Guinardia_delicatula
SSV_66	17	8	0	0	0	0	0	0	0	0	0	0	0	0	0	28	30	80	4	0	9	16	28	20	5	0	0	0	0	5	0	3	19	100	68	65	68	99	69	19	0	8	5	6	21	0	0	9	0	0	0	82	43	51	176	307	221	28	73	33	0	6	0	193	59	1186	1088	1057	2586	1703	2213	65	85	32	104	56	373	763	634	30	78	65	11	0	13	5	0	65	215	75	213	242	385	c_Syndiniales; o_Dino-Group-I; f_Dino-Group-I-Clade-4; g_Dino-Group-I-Clade-4_X; s_Dino-Group-I-Clade-4_X_sp.
ASV_68	451	499	394	158	105	209	506	910	558	251	219	278	174	187	364	132	241	261	22	45	44	450	535	240	96	53	109	51	34	45	540	571	527	18	45	27	20	36	46	151	131	63	10	12	0	28	0	12	37	75	57	24	12	42	37	56	64	24	63	46	34	47	33	90	42	36	58	0	19	16	12	14	53	25	169	157	305	419	354	248	364	269	180	207	225	95	166	127	311	199	413	288	242	c_Bacillariophyta; o_Bacillariophyta_X; f_Polar-centric-Mediophyceae; g_Thalassiosira; s_Thalassiosira_sp.
ASV_69	44	132	96	47	49	80	123	97	94	101	80	70	18	18	37	175	311	276	902	1620	2269	233	227	115	128	75	126	90	39	75	74	139	96	0	0	0	0	0	0	0	0	12	0	0	0	0	0	0	0	0	0	0	0	0	0	0	0	0	0	0	0	0	0	0	0	28	19	6	0	0	0	12	0	0	0	0	0	0	0	634	962	795	1204	1242	1095	214	559	0	27	29	72	88	135	c_Spirotrichea; o_Strombidiida; f_Strombidiidae; g_Strombidium; s_Strombidium_sp.
ASV_70	0	0	0	0	0	0	0	0	0	0	0	0	0	0	0	258	462	732	100	191	280	527	462	215	718	426	848	123	42	52	311	287	398	19	0	0	28	22	29	105	107	191	0	0	13	0	0	0	0	0	0	0	0	0	0	0	0	15	12	0	0	0	0	0	0	250	125	173	65	45	92	68	88	38	81	125	47	96	40	229	390	335	967	701	595	845	2294	49	152	123	18	52	54	c_Spirotrichea; o_Choreotrichida; f_Strobilidiidae_I; g_Pelagostrobilidium; s_Pelagostrobilidium_minutum
ASV_71	0	0	0	0	0	0	0	0	0	0	0	0	0	0	0	0	0	0	0	0	0	0	0	0	0	0	0	0	0	0	164	208	187	1793	2186	1640	161	271	315	37	19	49	91	91	123	515	483	344	291	417	421	687	497	454	121	180	157	373	463	263	160	246	215	53	21	34	35	35	47	31	35	9	28	12	31	21	105	113	65	73	116	85	45	46	31	0	0	0	0	0	0	0	0	c_Spirotrichea; o_Choreotrichida; f_Choreotrichida_X; g_Choreotrichida_XX; s_Choreotrichida_XX_sp.
ASV_72	15	17	13	0	0	0	25	7	11	0	0	14	0	12	13	24	40	39	13	18	13	33	33	23	52	0	66	111	60	76	255	229	233	117	59	67	91	75	87	316	108	291	28	61	85	132	132	102	113	79	93	128	74	49	139	184	94	114	89	81	71	67	107	64	25	270	260	224	187	111	160	458	658	221	428	238	282	400	289	280	422	479	712	856	745	109	342	69	150	45	236	152	188	c_Cryptophyceae; o_Cryptophyceae_X; f_Cryptomonadales; g_Teleaulax; s_Teleaulax_sp.
ASV_73	45	42	132	187	116	242	164	297	201	294	227	276	119	93	141	78	40	173	836	2727	1336	163	113	113	35	0	49	24	15	35	30	28	25	313	275	245	595	739	812	27	17	32	16	36	32	26	37	16	76	108	113	178	101	102	58	97	71	129	143	88	106	107	109	117	56	76	46	79	17	19	15	11	7	8	12	10	16	17	20	138	128	134	17	27	20	6	0	7	32	7	12	12	29	c_Bacillariophyta; o_Bacillariophyta_X; f_Polar-centric-Mediophyceae; g_Chaetoceros; s_Chaetoceros_sp.
ASV_74	0	13	0	0	0	0	0	0	0	0	0	0	13	0	0	0	0	8	0	0	0	6	0	0	15	13	0	754	401	537	1955	1889	1632	518	377	360	604	479	538	105	45	103	37	38	66	147	129	142	70	82	81	297	148	139	57	55	38	146	206	115	67	93	113	152	106	167	121	95	270	162	214	52	65	31	48	35	10	15	0	12	11	15	12	0	13	0	0	8	14	0	0	32	18	c_Bacillariophyta; o_Bacillariophyta_X; f_Polar-centric-Mediophyceae; g_Chaetoceros; s_Chaetoceros_sp.
ASV_75	0	0	0	0	0	0	0	0	0	0	0	0	0	0	0	0	0	0	0	0	0	0	0	0	0	0	0	0	0	0	0	0	0	78	43	43	45	96	172	225	157	398	464	544	737	295	186	127	185	142	235	966	621	776	251	232	204	581	508	283	140	196	207	1439	842	114	199	52	148	95	182	98	134	44	140	144	137	167	82	99	277	173	45	157	45	0	65	0	0	0	0	0	0	c_Spirotrichea; o_Strombidiida; f_Strombidiidae_H; g_Strombidiidae_H_X; s_Strombidiidae_H_X_sp.
SSV_77	0	0	0	0	0	0	0	0	0	0	0	0	0	0	0	0	0	0	0	0	0	0	0	0	0	0	0	0	0	0	0	0	0	67	57	33	213	194	243	2808	1357	2363	71	100	112	50	47	63	362	371	330	126	101	111	260	279	264	90	112	39	88	102	178	200	97	71	46	51	79	60	77	236	485	97	111	32	290	397	253	25	40	19	0	0	0	0	0	0	0	0	0	0	0	c_Syndiniales; o_Dino-Group-II; f_Dino-Group-II-Clade-12; g_Dino-Group-II-Clade-12_X; s_Dino-Group-II-Clade-12_X_sp.
ASV_80	0	0	0	0	0	0	18	24	0	0	0	21	18	0	0	0	0	0	0	0	0	0	0	0	0	0	19	68	40	63	101	135	133	0	0	0	143	173	185	118	114	125	112	117	161	450	506	550	67	156	159	121	80	80	144	190	211	160	312	222	245	325	284	702	351	372	315	297	252	150	225	173	392	174	360	202	224	297	207	222	213	205	198	211	230	0	46	42	105	59	50	31	44	c_Bacillariophyta; o_Bacillariophyta_X; f_Polar-centric-Mediophyceae; g_Thalassiosira; s_Thalassiosira_concaviuscula
ASV_83	31	20	35	9	6	16	31	12	12	21	25	12	19	27	38	58	87	142	50	62	61	87	117	53	57	28	64	217	54	86	283	240	211	53	79	29	106	121	103	58	47	75	28	43	34	105	137	109	129	264	309	280	195	197	153	242	237	147	383	215	96	76	115	234	79	289	217	232	371	161	329	151	160	57	505	215	259	386	284	237	266	202	149	125	114	20	62	101	201	94	67	109	117	c_Bacillariophyta; o_Bacillariophyta_X; f_Polar-centric-Mediophyceae; g_Minutocellus; s_Minutocellus_polymorphus
ASV_93	9	0	0	0	0	0	0	0	0	0	0	0	0	0	0	146	208	275	36	78	85	953	746	455	303	138	294	145	96	157	32	25	20	0	0	0	0	0	0	5	0	0	10	8	16	251	250	220	115	106	68	237	171	122	51	73	69	35	60	27	0	0	13	62	58	116	87	117	7	0	0	28	22	0	8	8	197	273	180	542	614	537	304	270	171	33	148	161	243	154	61	82	128	c_MAST; o_MAST-6; f_MAST-6_X; g_MAST-6_XX; s_MAST-6_XX_sp.
ASV_94	5	0	0	0	0	0	16	10	12	0	0	0	0	0	0	38	55	117	23	55	31	267	257	178	546	349	582	121	60	105	136	101	153	73	50	31	83	116	148	88	96	104	106	103	143	267	325	266	311	349	224	138	98	108	199	347	208	49	64	0	0	61	41	66	37	128	114	106	43	29	52	0	41	0	121	74	89	93	97	244	299	237	201	236	217	22	89	98	182	96	26	70	103	c_Bacillariophyta; o_Bacillariophyta_X; f_Polar-centric-Mediophyceae; g_Skeletonema; s_Skeletonema_sp.
SSV_100	0	0	0	0	0	0	0	0	0	0	0	0	0	0	0	0	0	0	0	0	0	0	0	0	0	0	0	0	0	0	0	0	0	579	533	512	835	786	927	655	339	539	81	143	127	149	116	161	355	275	374	255	170	171	25	27	22	53	85	43	34	42	49	137	71	40	39	49	185	125	179	22	21	16	107	61	30	24	20	0	0	0	0	0	0	0	0	0	0	0	0	0	0	c_Syndiniales; o_Dino-Group-II; f_Dino-Group-II-Clade-44; g_Dino-Group-II-Clade-44_X; s_Dino-Group-II-Clade-44_X_sp.
ASV_107	0	0	0	0	0	0	0	0	0	0	0	0	0	0	0	0	0	0	0	0	0	0	0	0	0	0	0	0	0	0	0	0	0	199	231	157	173	317	302	816	650	631	144	136	164	158	175	193	254	207	244	280	253	248	152	242	126	198	166	123	68	91	110	399	140	197	195	202	127	98	161	19	62	12	94	47	162	181	95	46	52	58	23	15	25	0	0	0	0	0	0	0	0	c_Dinophyceae; o_Gymnodiniales; f_Gymnodiniaceae; g_Gyrodinium; s_Gyrodinium_sp.
ASV_109	0	0	0	0	0	0	0	0	0	0	0	0	0	0	0	0	0	16	0	0	0	0	0	0	0	0	0	0	0	0	25	0	15	10	33	17	42	39	42	94	61	74	196	431	296	90	127	97	49	71	47	69	71	43	453	234	255	124	131	84	172	125	150	183	61	144	262	119	109	78	150	87	55	41	375	332	360	616	199	293	343	259	313	287	340	60	112	41	13	52	0	0	18	c_Bacillariophyta; o_Bacillariophyta_X; f_Polar-centric-Mediophyceae; g_Thalassiosira; s_Thalassiosira_hendeyi
ASV_114	0	0	0	0	0	0	0	0	0	0	0	0	0	0	0	0	0	18	0	0	0	25	33	38	0	30	0	0	0	18	26	26	33	28	34	24	23	13	23	62	30	22	113	217	236	127	98	77	81	123	132	161	146	188	157	239	153	114	321	162	307	362	324	416	221	278	352	152	76	58	78	21	61	12	85	32	75	42	46	26	66	38	12	19	15	0	0	18	81	14	0	0	0	c_Bacillariophyta; o_Bacillariophyta_X; f_Polar-centric-Mediophyceae; g_Skeletonema; s_Skeletonema_pseudocostatum
ASV_119	125	131	514	311	218	463	332	268	209	174	149	196	150	116	155	150	173	342	180	262	453	223	134	93	0	0	7	15	0	0	0	0	0	105	132	77	0	0	0	0	6	13	0	0	0	108	81	68	0	15	0	54	61	53	8	20	19	9	44	39	0	0	10	40	79	175	116	94	181	130	166	75	123	56	22	30	10	30	0	0	0	0	0	0	0	13	24	18	0	17	45	23	25	c_CONThreeP; o_CONThreeP_X; f_CONThreeP_XX; g_Askenasia; s_Askenasia_sp.
ASV_120	70	72	37	0	0	0	0	0	0	0	0	0	0	0	0	99	174	172	3	32	25	38	30	6	178	148	199	29	30	48	0	39	0	100	65	0	132	191	238	792	437	490	70	89	90	133	116	111	0	0	0	0	0	0	0	0	0	0	0	0	0	31	0	0	0	126	123	125	39	43	58	0	48	0	39	0	91	106	78	112	135	126	203	306	270	45	142	232	335	212	156	157	142	c_Dinophyceae; o_Peridiniales; f_Heterocapsaceae; g_Heterocapsa; s_Heterocapsa_pygmaea
ASV_122	0	0	0	0	0	0	0	0	0	0	5	0	26	19	32	83	55	139	81	137	121	93	99	49	36	15	29	118	41	31	57	48	69	176	130	87	126	145	91	204	128	333	31	78	146	164	152	186	49	109	77	75	37	52	49	85	81	110	270	133	89	50	65	104	74	191	183	247	352	145	267	118	127	72	208	55	72	210	145	13	37	28	57	58	12	16	46	0	22	11	21	13	14	c_Trebouxiophyceae; o_Chlorellales; f_Chlorellales_X; g_Picochlorum; s_Picochlorum_sp.
ASV_123	0	8	0	6	6	0	6	0	0	0	23	22	68	37	58	161	274	326	225	396	315	404	354	163	231	132	276	28	0	17	36	13	8	30	17	21	140	121	145	91	80	108	0	0	0	0	0	0	0	0	0	0	0	0	0	0	0	0	0	0	0	0	0	0	0	56	64	89	237	145	157	133	208	77	56	39	305	354	248	122	144	129	133	121	121	0	0	38	101	39	258	258	244	c_MAST; o_MAST-6; f_MAST-6_X; g_MAST-6_XX; s_MAST-6_XX_sp.
ASV_125	0	0	0	0	0	0	0	0	0	0	0	0	0	0	0	0	0	0	0	0	0	0	0	0	0	0	0	0	0	0	0	0	0	110	120	81	148	203	200	194	106	199	38	35	26	39	44	73	53	86	90	40	34	29	55	98	77	16	65	28	14	19	16	39	0	26	22	32	23	29	27	39	44	11	186	61	131	180	105	400	408	368	573	476	638	67	318	185	324	206	219	269	261	c_Bacillariophyta; o_Bacillariophyta_X; f_Polar-centric-Mediophyceae; g_Thalassiosira; s_Thalassiosira_sp.
ASV_127	0	0	0	0	0	0	0	0	0	0	0	0	0	0	0	0	0	0	0	0	0	0	0	0	0	0	0	0	0	0	0	0	0	8	29	0	0	0	0	97	47	43	171	323	271	85	146	143	37	57	47	84	45	45	414	232	199	145	113	78	160	100	125	124	60	146	198	111	87	96	159	82	56	33	319	297	338	495	161	257	339	238	235	230	348	43	143	0	21	39	0	0	0	c_Bacillariophyta; o_Bacillariophyta_X; f_Polar-centric-Mediophyceae; g_Thalassiosira; s_Thalassiosira_hendeyi
ASV_128	0	0	0	0	0	0	0	0	0	0	0	0	0	0	0	0	0	0	0	0	0	0	0	0	0	0	0	0	0	0	0	0	0	119	77	85	439	406	500	219	126	185	166	275	307	85	79	69	122	115	180	171	92	76	79	158	116	45	57	40	21	34	40	80	35	60	30	60	85	59	89	19	27	12	54	47	65	66	50	169	234	158	115	155	140	56	182	78	197	140	109	110	101	c_Bacillariophyta; o_Bacillariophyta_X; f_Polar-centric-Mediophyceae; g_Chaetoceros; s_Chaetoceros_decipiens
ASV_129	35	48	51	19	30	24	83	53	35	93	92	114	128	131	145	143	239	310	26	112	63	185	158	69	104	39	105	112	72	66	178	189	176	377	255	241	186	190	213	299	187	307	68	114	128	124	122	151	95	148	107	98	0	26	26	47	38	0	22	19	23	27	27	35	20	0	38	39	0	0	0	0	0	0	0	0	0	0	0	92	75	93	61	91	82	0	45	0	27	0	54	26	80	c_Katablepharidaceae; o_Katablepharidales; f_Katablepharidales_X; g_Leucocryptos; s_Leucocryptos_marina
ASV_130	0	0	0	0	0	0	0	11	14	0	0	0	8	0	12	8	14	0	0	17	0	51	51	16	34	20	47	0	7	13	385	355	357	27	22	13	16	14	20	45	39	46	20	59	65	86	87	85	152	226	243	230	171	176	245	447	339	170	193	117	100	145	165	489	295	40	79	47	120	89	138	40	65	30	147	94	60	68	51	64	78	69	17	30	21	0	0	24	41	21	0	0	11	c_Bacillariophyta; o_Bacillariophyta_X; f_Raphid-pennate; g_Surirella; s_Surirella_sp.
ASV_131	556	645	436	317	351	481	208	359	249	311	275	369	55	49	50	21	29	48	41	118	93	35	44	32	53	24	53	88	60	57	32	28	23	0	0	0	11	18	24	28	0	12	16	33	17	98	53	64	36	53	37	20	12	8	71	61	63	38	95	48	37	16	22	17	10	33	17	24	80	32	46	59	76	35	56	65	15	16	9	66	36	69	0	28	24	28	107	0	36	24	36	34	50	c_Bacillariophyta; o_Bacillariophyta_X; f_Radial-centric-basal-Coscinodiscophyceae; g_Rhizosolenia; s_Rhizosolenia_delicatula
ASV_132	174	213	124	570	431	656	165	91	90	236	285	201	52	34	27	44	75	77	12	40	25	44	46	32	89	56	107	60	37	32	10	28	14	47	39	26	22	44	51	15	16	17	0	0	0	0	0	0	0	0	0	0	0	0	0	0	0	0	0	0	0	0	0	0	0	0	0	0	7	0	7	129	232	72	0	0	24	56	57	91	80	78	36	54	47	10	28	31	48	25	606	840	820	c_MAST; o_MAST-1; f_MAST-1C; g_MAST-1C_X; s_MAST-1C_X_sp.
ASV_134	0	3	0	0	0	0	8	23	0	0	0	0	0	0	6	0	18	0	0	0	0	0	53	19	18	30	37	15	0	0	35	11	24	5	0	0	0	5	0	0	13	31	21	31	8	14	11	0	68	68	45	64	33	50	92	48	70	36	140	120	324	307	216	864	195	195	307	121	59	117	97	100	83	47	376	274	283	257	253	244	387	315	133	68	106	20	14	81	140	90	12	8	6	c_Bacillariophyta; o_Bacillariophyta_X; f_Polar-centric-Mediophyceae; g_Odontella; s_Odontella_mobiliensis
ASV_135	97	116	88	18	26	45	37	78	37	51	32	79	56	40	55	42	91	56	70	54	111	92	148	42	34	24	49	55	25	76	71	88	110	64	107	64	63	60	67	186	157	176	45	81	104	98	46	67	88	60	101	70	23	28	57	59	73	54	108	30	36	67	95	79	55	106	66	54	65	27	69	78	128	33	89	107	68	105	78	78	72	72	191	193	97	38	100	53	194	136	293	133	320	c_Dinophyceae; o_Gonyaulacales; f_Goniodomataceae; g_Alexandrium; s_Alexandrium_hiranoi
ASV_137	0	0	0	0	0	0	0	0	0	0	0	0	0	0	0	26	34	87	0	0	0	28	29	0	31	0	0	241	129	168	890	1144	946	133	185	116	0	0	0	28	28	71	138	202	271	84	105	53	0	0	0	30	0	42	105	74	78	144	268	149	57	98	114	77	96	36	25	31	65	53	59	150	181	73	93	46	94	105	75	0	0	0	0	22	0	0	0	0	0	0	0	0	0	c_Spirotrichea; o_Choreotrichida; f_Strobilidiidae_I; g_Pelagostrobilidium; s_Pelagostrobilidium_sp.
ASV_138	0	0	0	0	0	0	7	18	10	0	0	0	0	0	0	65	39	41	15	13	23	111	125	77	71	41	79	86	43	38	265	215	194	39	23	19	23	18	39	28	16	20	13	24	17	16	0	0	77	109	131	78	53	75	151	169	160	63	157	86	234	240	237	356	379	165	237	132	169	96	181	41	83	25	84	60	127	139	114	62	57	37	52	34	54	0	21	176	301	151	22	40	28	c_Bacillariophyta; o_Bacillariophyta_X; f_Raphid-pennate; g_Navicula; s_Navicula_lanceolata
ASV_145	0	0	0	0	0	0	0	0	0	0	0	0	0	0	0	8	10	13	9	26	17	18	27	14	571	354	622	84	40	90	14	9	8	148	121	112	470	498	563	4	0	0	6	7	0	0	0	0	8	6	11	4	4	0	0	11	0	0	9	3	10	3	10	0	4	12	0	5	17	9	7	26	42	11	149	62	29	37	36	234	283	269	90	141	126	33	97	141	233	132	102	156	154	c_Bacillariophyta; o_Bacillariophyta_X; f_Polar-centric-Mediophyceae; g_Chaetoceros; s_Chaetoceros_sp.
ASV_148	52	57	50	36	31	63	43	87	49	27	11	21	9	0	6	85	95	154	99	189	152	170	115	111	73	43	67	38	16	28	29	48	34	0	0	7	15	31	30	115	57	91	370	613	658	0	0	13	0	0	0	15	10	14	40	84	57	62	98	72	40	71	41	78	31	31	37	46	32	30	37	28	32	19	76	45	124	161	96	82	159	121	0	0	0	0	27	0	0	6	17	11	0	c_Bacillariophyta; o_Bacillariophyta_X; f_Polar-centric-Mediophyceae; g_Chaetoceros; s_Chaetoceros_lorenzianus
ASV_149	0	0	0	0	0	0	0	0	0	0	0	0	0	0	0	6	4	9	0	6	0	11	2	6	88	38	135	38	18	38	309	431	370	167	111	117	309	277	449	58	37	77	0	0	0	0	0	0	38	28	47	23	0	13	8	12	17	24	29	20	0	0	0	17	0	47	21	46	85	64	70	364	624	181	103	45	151	181	121	70	78	74	111	187	166	7	13	0	5	3	5	8	4	c_Filosa-Imbricatea; o_Filosa-Imbricatea_X; f_Novel-clade-2; g_Novel-clade-2_X; s_Novel-clade-2_X_sp.
ASV_151	0	0	0	0	0	0	0	0	0	0	0	0	0	0	21	0	0	0	20	44	30	51	55	0	0	0	0	0	0	0	46	44	55	37	30	31	52	60	45	264	100	344	102	168	180	176	145	133	143	109	90	142	87	53	244	229	243	142	161	91	97	109	138	128	48	72	65	60	88	64	82	128	171	60	125	71	102	181	92	0	0	0	0	0	0	0	0	0	0	0	0	0	0	c_Cryptophyceae; o_Cryptophyceae_X; f_Cryptomonadales; g_Hemiselmis; s_Hemiselmis_andersenii
ASV_154	0	0	0	0	0	0	0	0	0	0	0	0	0	0	0	0	0	0	0	0	0	0	0	0	0	0	0	0	0	0	0	32	13	176	338	248	34	25	39	34	23	9	15	18	22	5	0	0	0	0	0	8	0	9	29	41	40	49	62	20	15	22	7	69	29	403	189	288	85	61	85	433	628	263	219	193	175	207	84	13	12	18	0	0	0	0	0	0	0	0	0	0	0	c_Spirotrichea; o_Choreotrichida; f_Strobilidiidae_I; g_Pelagostrobilidium; s_Pelagostrobilidium_sp.
ASV_159	35	35	59	43	18	59	75	29	44	69	83	87	41	47	56	80	145	170	136	257	184	87	105	34	0	7	19	0	0	0	141	157	114	143	102	75	0	48	42	126	71	171	20	24	36	0	24	0	0	0	0	0	0	0	0	0	0	0	0	0	0	0	0	0	0	56	87	66	46	0	0	54	80	41	268	158	76	164	94	104	104	136	181	176	218	45	124	30	55	38	50	39	53	c_Dinophyceae; o_Gymnodiniales; f_Gymnodiniaceae; g_Gymnodinium; s_Gymnodinium_sp.
ASV_165	0	0	0	0	0	0	0	0	0	0	0	0	0	0	7	109	169	302	0	9	0	81	64	36	74	47	68	39	13	76	0	0	0	0	0	0	0	0	14	27	0	8	10	12	23	0	0	19	4	8	114	5	5	0	118	410	201	28	84	28	23	43	17	24	9	99	917	79	28	28	85	237	61	116	67	33	148	137	51	129	172	102	150	173	124	38	75	24	4	7	9	39	8	c_Bacillariophyta; o_Bacillariophyta_X; f_Radial-centric-basal-Coscinodiscophyceae; g_Coscinodiscus; s_Coscinodiscus_jonesianus
SSV_167	0	0	0	0	0	0	0	0	0	0	0	0	0	0	0	0	0	0	0	0	0	0	0	0	0	0	0	0	0	0	0	0	0	279	220	150	13	0	15	468	261	410	37	54	71	40	46	34	233	175	217	133	65	79	26	29	33	56	71	55	29	43	34	90	38	97	96	91	113	95	110	121	163	54	32	19	104	203	130	3	6	0	0	0	0	0	0	0	0	0	0	0	0	c_Syndiniales; o_Dino-Group-II; f_Dino-Group-II-Clade-14; g_Dino-Group-II-Clade-14_X; s_Dino-Group-II-Clade-14_X_sp.
ASV_169	26	58	73	46	40	70	76	52	37	66	34	71	0	18	0	0	12	13	0	0	0	38	20	25	108	46	134	21	17	29	52	85	77	200	95	83	58	85	121	31	29	61	17	25	25	121	232	196	260	213	229	62	39	19	0	24	17	93	78	55	17	24	25	96	45	108	74	64	33	47	81	26	29	8	68	36	92	114	63	46	56	75	34	16	17	11	48	25	58	30	16	34	29	c_Katablepharidaceae; o_Katablepharidales; f_Katablepharidales_X; g_Katablepharis; s_Katablepharis_japonica
ASV_177	0	12	0	0	0	0	44	27	0	19	11	0	14	0	30	32	71	98	63	93	100	242	221	80	146	58	142	52	20	45	55	61	48	17	13	11	53	52	42	75	36	64	13	23	23	0	0	0	19	33	39	38	15	33	34	47	35	19	28	34	30	32	30	34	24	62	62	83	45	42	50	38	73	26	68	29	55	77	31	140	191	179	139	170	190	55	201	68	105	89	44	42	35	c_MAST; o_MAST-12; f_MAST-12A; g_MAST-12A_X; s_MAST-12A_X_sp.
ASV_178	0	0	0	0	0	0	0	0	0	0	0	0	0	0	0	0	0	12	0	0	0	47	27	0	29	37	51	320	157	232	173	177	198	21	15	13	40	0	0	0	0	0	0	0	0	0	0	0	0	0	0	0	0	0	133	201	153	32	43	30	64	69	117	254	107	103	85	92	87	64	72	21	28	14	188	99	29	58	27	144	200	144	91	103	62	101	350	27	45	0	19	31	38	c_Filosa-Thecofilosea; o_Cryomonadida; f_Protaspa-lineage; g_Protaspa-lineage_X; s_Protaspa-lineage_X_sp.
ASV_187	0	0	0	0	0	0	0	0	0	0	0	0	0	0	0	15	63	96	41	53	39	153	104	44	0	0	0	61	39	73	152	116	120	0	35	56	0	62	61	117	93	92	0	0	54	0	0	0	0	0	0	0	0	0	70	85	75	44	63	0	78	43	60	90	97	216	112	117	89	104	166	130	194	99	160	207	119	130	66	90	83	84	0	0	0	0	0	0	0	0	0	0	0	c_Spirotrichea; o_Strombidiida; f_Strombidiidae_B; g_Strombidiidae_B_X; s_Strombidiidae_B_X_sp.
SSV_191	0	10	0	0	0	0	0	0	0	0	0	0	3	0	0	0	6	0	4	6	7	61	43	27	14	0	6	7	0	0	19	15	12	97	54	38	0	12	9	25	21	5	29	41	50	142	118	95	37	51	42	172	98	103	45	49	71	76	126	57	67	93	108	516	205	51	28	24	9	0	13	6	9	0	69	38	108	59	65	0	0	0	18	0	8	0	0	0	0	0	6	0	19	c_Syndiniales; o_Dino-Group-II; f_Dino-Group-II-Clade-30; g_Dino-Group-II-Clade-30_X; s_Dino-Group-II-Clade-30_X_sp.
ASV_208	0	7	0	0	0	0	0	0	0	0	0	0	0	0	0	0	0	0	0	0	0	0	0	0	0	0	0	0	0	0	0	0	0	6	0	15	12	23	23	9	6	18	314	451	462	377	382	316	230	252	272	178	114	108	32	61	38	44	63	30	23	30	66	35	10	0	8	0	0	0	0	0	0	0	0	0	3	7	3	9	13	17	0	11	13	9	15	6	17	5	0	4	0	c_Bacillariophyta; o_Bacillariophyta_X; f_Araphid-pennate; g_Talaroneis; s_Talaroneis_posidoniae
ASV_209	147	170	128	57	55	83	34	43	20	65	59	88	12	0	16	19	0	19	33	62	84	34	35	33	78	44	75	24	30	42	94	95	109	51	25	43	87	64	61	79	24	92	30	49	70	13	0	0	0	16	11	0	0	10	16	22	0	0	0	0	0	0	0	19	0	30	18	34	30	17	27	49	69	20	42	29	40	47	47	62	79	74	122	149	110	0	71	0	48	29	62	65	99	c_Prymnesiophyceae; o_Prymnesiales; f_Chrysochromulinaceae; g_Chrysochromulina; s_Chrysochromulina_sp.
ASV_210	31	31	32	25	17	24	86	126	93	8	0	18	27	43	57	53	178	220	16	39	18	52	73	21	52	115	77	75	10	13	54	41	78	7	0	0	0	0	0	21	0	12	0	0	5	0	0	0	0	0	0	0	0	0	0	0	17	0	0	0	0	0	0	0	0	0	17	0	0	0	8	0	16	0	33	13	32	60	38	103	162	114	126	173	145	75	160	148	316	201	101	92	136	c_Bacillariophyta; o_Bacillariophyta_X; f_Polar-centric-Mediophyceae; g_Thalassiosira; s_Thalassiosira_minuscula
ASV_221	0	0	0	0	0	0	0	0	0	0	0	0	0	0	0	0	0	0	0	0	0	0	0	0	0	0	0	55	46	68	61	66	57	85	82	57	0	58	96	0	0	0	10	21	29	96	59	51	55	40	44	312	196	170	59	68	44	90	72	45	42	34	44	76	30	123	99	103	135	51	97	50	27	15	177	86	49	68	53	0	0	0	0	0	0	0	0	0	0	0	0	0	0	c_Pedinophyceae; o_Marsupiomonadales; f_Marsupiomonadaceae; g_Marsupiomonas; s_Marsupiomonas_pelliculata
ASV_223	0	0	0	0	0	0	0	0	0	0	0	0	0	0	0	22	61	65	46	91	95	215	211	126	74	49	97	35	17	70	64	93	74	115	124	115	70	55	127	40	0	36	66	88	88	145	111	97	0	16	19	23	0	11	10	0	0	0	31	23	0	0	0	24	0	0	20	30	0	0	0	36	50	23	35	26	22	24	21	80	49	52	52	63	68	0	20	15	24	17	0	14	27	c_Dinophyceae; o_Gymnodiniales; f_Kareniaceae; g_Karlodinium; s_Karlodinium_veneficum
ASV_226	0	0	0	0	0	0	0	0	0	0	0	0	0	0	0	0	0	0	0	0	0	0	0	0	0	7	0	14	0	12	6	0	0	9	6	10	0	11	11	10	12	29	0	6	7	29	27	25	12	27	20	53	20	32	54	108	66	37	69	33	47	58	64	106	33	76	42	64	76	70	93	36	49	21	148	61	116	187	174	153	160	131	136	148	190	10	50	21	75	24	21	13	44	c_Bacillariophyta; o_Bacillariophyta_X; f_Polar-centric-Mediophyceae; g_Skeletonema; s_Skeletonema_sp.
ASV_232	0	0	0	0	0	0	0	0	0	0	0	0	0	0	0	67	134	106	12	38	35	43	30	18	49	26	37	46	13	13	0	0	0	0	0	0	0	0	0	6	7	0	22	39	17	33	23	24	13	47	39	160	96	90	269	275	227	47	73	22	36	41	16	109	61	39	46	29	50	42	67	7	29	12	126	64	71	75	56	52	40	57	14	19	28	31	31	0	35	8	25	29	38	c_Bacillariophyta; o_Bacillariophyta_X; f_Polar-centric-Mediophyceae; g_Ditylum; s_Ditylum_sp.
ASV_235	42	54	42	52	30	39	92	116	92	24	18	53	14	16	8	5	12	20	8	4	12	9	23	17	7	3	16	40	0	10	89	142	128	31	21	29	72	67	67	75	55	101	149	325	307	80	75	92	22	36	38	4	0	5	12	7	14	20	30	25	24	74	35	50	27	17	18	12	4	0	7	0	3	0	24	15	26	32	18	8	13	24	6	0	17	8	13	0	14	10	16	32	18	c_Bacillariophyta; o_Bacillariophyta_X; f_Radial-centric-basal-Coscinodiscophyceae; g_Rhizosolenia; s_Rhizosolenia_similoides
ASV_239	25	27	18	6	0	9	17	17	11	0	0	0	9	0	0	11	26	34	0	41	19	68	47	40	61	32	94	72	115	94	10	0	0	9	7	0	0	3	0	32	36	0	0	8	0	10	6	0	6	20	12	0	0	0	7	10	16	13	9	0	13	19	0	21	15	99	170	43	21	15	20	42	40	4	55	49	29	18	36	45	101	66	299	228	164	79	192	12	27	23	198	98	60	c_Bacillariophyta; o_Bacillariophyta_X; f_Radial-centric-basal-Coscinodiscophyceae; g_Coscinodiscus; s_Coscinodiscus_sp.
ASV_240	0	0	0	0	0	0	0	0	0	0	0	0	0	0	0	199	614	928	69	164	179	91	52	37	48	25	42	26	10	12	5	70	72	0	0	0	0	0	0	5	0	0	44	37	14	5	0	0	0	9	6	0	0	9	35	24	19	7	12	0	15	7	9	7	0	22	21	9	3	0	0	13	9	0	36	44	33	24	18	29	91	42	31	67	0	5	0	26	6	0	0	20	6	c_Spirotrichea; o_Tintinnida; f_Tintinnidae; g_Amphorellopsis; s_Amphorellopsis_acuta
ASV_241	0	0	0	0	0	6	27	43	24	0	0	11	0	0	15	19	42	58	18	80	59	482	562	312	0	0	0	30	21	35	63	56	55	0	0	0	0	0	0	0	0	0	0	0	0	20	11	34	38	48	49	133	84	102	126	200	176	20	24	13	31	31	39	59	0	12	19	8	15	0	7	5	0	0	0	0	0	0	0	0	0	0	0	0	0	0	0	0	0	0	0	0	0	c_Bicoecea; o_Bicoecales; f_Bicoecaceae; g_Bicosoeca; s_Bicosoeca_vacillans
ASV_249	0	0	0	0	0	0	0	0	0	0	0	0	0	0	0	0	0	0	0	0	0	0	0	0	0	0	0	0	0	0	0	0	0	59	44	58	167	134	148	210	165	186	50	55	70	86	106	92	22	36	40	54	37	36	3	20	4	29	14	12	12	0	20	42	19	44	45	36	26	34	46	35	52	25	130	62	61	49	26	128	156	153	34	38	28	0	7	6	5	0	0	13	0	c_Dinophyceae; o_Peridiniales; f_Amphidomataceae; g_Amphidoma; s_Amphidoma languida 
ASV_250	0	0	0	0	0	0	0	0	0	0	0	0	0	0	0	0	0	0	0	0	0	0	0	0	0	0	0	0	0	0	0	0	0	26	7	13	13	12	22	16	29	101	94	162	226	123	89	57	39	9	48	215	105	167	59	68	61	59	151	59	35	38	52	228	249	21	51	22	46	29	41	26	37	9	39	19	32	31	7	27	47	30	28	27	10	0	33	0	0	0	0	0	0	c_Acantharea; o_Acantharea_X; f_Acantharea_XX; g_Acantharea_XXX; s_Acantharea_XXX_sp.
ASV_252	19	0	0	0	0	0	34	15	27	0	0	0	0	0	19	25	0	46	0	0	0	99	115	59	27	0	46	22	0	0	77	97	47	12	16	0	0	0	0	13	0	39	0	0	26	0	0	0	0	35	49	0	0	0	29	63	36	24	39	22	33	30	28	37	36	36	26	37	16	0	21	26	30	0	120	47	107	152	123	107	106	105	56	72	67	0	0	128	295	188	20	24	0	c_Bacillariophyta; o_Bacillariophyta_X; f_Polar-centric-Mediophyceae; g_Thalassiosira; s_Thalassiosira_sp.
ASV_258	441	452	632	155	162	226	77	145	111	140	94	125	38	47	55	4	9	0	4	36	21	44	70	33	2	3	8	0	0	0	1	3	4	0	0	1	0	0	0	0	0	0	0	0	0	0	0	0	1	0	0	0	0	1	1	2	0	0	1	0	0	2	0	1	0	1	0	0	0	2	0	1	0	0	3	3	2	13	1	0	5	12	8	0	6	0	2	13	9	2	17	7	13	c_Bacillariophyta; o_Bacillariophyta_X; f_Polar-centric-Mediophyceae; g_Thalassiosira; s_Thalassiosira_rotula
ASV_275	0	0	0	0	0	0	0	0	0	0	0	0	0	0	0	0	6	10	13	18	15	16	0	0	9	0	17	51	25	27	51	31	41	22	40	22	16	24	35	56	31	85	41	90	73	56	40	39	36	20	21	42	17	0	25	37	17	15	17	9	17	16	23	25	16	52	28	39	45	23	41	35	33	7	38	25	15	29	4	35	45	36	117	133	96	30	122	25	70	55	162	120	145	c_Mamiellophyceae; o_Mamiellales; f_Mamiellaceae; g_Micromonas; s_Micromonas_commoda
ASV_276	0	0	0	0	0	0	0	0	0	0	0	0	0	0	0	38	41	59	37	49	52	90	89	26	62	38	58	77	54	76	56	57	69	15	12	0	20	15	22	79	48	78	8	0	28	0	19	17	20	37	22	29	8	19	22	20	20	0	20	15	12	10	0	22	6	35	31	50	17	13	23	13	44	6	24	9	21	26	11	80	112	82	108	111	93	44	97	21	40	15	61	50	73	c_Streptophyta_X; o_Streptophyta_XX; f_Streptophyta_XXX; g_Streptophyta_XXXX; s_Streptophyta_XXXX_sp.
ASV_278	15	30	12	6	0	11	17	42	17	6	0	5	10	0	12	15	19	20	0	8	0	46	83	46	27	21	23	6	14	0	53	67	67	0	16	10	7	0	7	37	39	77	26	53	21	45	0	32	15	16	43	24	27	23	102	99	88	58	60	29	48	41	26	175	49	45	36	20	24	5	14	38	58	12	65	43	26	37	42	59	83	32	35	41	22	0	6	29	40	33	0	10	32	c_Bacillariophyta; o_Bacillariophyta_X; f_Radial-centric-basal-Coscinodiscophyceae; g_Actinoptychus; s_Actinoptychus_sp.
ASV_281	0	0	0	0	0	0	0	0	0	0	0	0	0	0	0	0	0	0	0	0	0	0	0	0	0	0	0	20	17	53	141	147	152	38	30	25	52	37	38	122	62	144	29	16	26	52	42	39	36	13	26	73	57	42	44	52	50	65	50	48	16	20	18	59	31	54	41	38	40	25	54	20	34	19	40	31	25	64	38	38	37	37	58	0	39	0	0	0	0	9	0	0	0	c_Nephroselmidophyceae; o_Nephroselmidales; f_Nephroselmidales_X; g_Nephroselmis; s_Nephroselmis_pyriformis
ASV_283	14	30	9	0	7	0	7	28	12	10	7	10	0	3	6	32	69	94	53	175	152	74	84	53	16	12	23	4	0	0	4	2	5	2	13	8	10	28	20	23	28	35	107	168	135	91	75	41	85	112	88	11	6	19	19	30	29	20	52	27	0	0	14	29	0	11	0	0	10	4	0	0	21	4	28	32	21	18	12	33	49	37	16	13	22	15	49	0	28	13	0	17	0	c_Bacillariophyta; o_Bacillariophyta_X; f_Polar-centric-Mediophyceae; g_Cerataulina; s_Cerataulina_pelagica
ASV_287	0	0	0	0	0	0	0	0	0	0	0	0	0	0	0	0	0	0	0	0	0	0	0	0	17	21	16	16	7	15	0	0	0	95	89	65	31	33	33	73	72	88	98	95	136	105	105	92	15	21	18	28	19	21	0	15	15	44	50	47	35	37	32	25	0	101	118	128	32	29	55	0	20	0	23	42	36	50	17	19	33	34	20	41	19	0	0	0	0	0	0	0	0	c_Dinophyceae; o_Gymnodiniales; f_Gymnodiniaceae; g_Gymnodinium; s_Gymnodinium_sp.
ASV_289	26	58	23	14	0	0	24	37	17	98	66	86	107	72	115	53	75	97	44	43	56	31	30	25	99	52	101	0	0	0	48	33	22	0	0	0	0	0	0	22	0	0	0	0	0	21	6	0	11	0	19	0	0	0	0	18	0	0	0	0	0	0	0	0	0	0	0	15	0	0	0	0	18	14	20	22	14	0	16	0	31	21	153	199	162	21	31	16	0	17	198	121	99	c_Spirotrichea; o_Strombidiida; f_Strombidiidae_R; g_Strombidiidae_R_X; s_Strombidiidae_R_X_sp.
ASV_291	0	0	0	0	0	0	0	0	0	0	0	0	0	0	0	44	57	76	0	0	0	116	136	52	23	14	18	56	16	32	31	54	47	10	14	14	55	55	50	11	13	24	20	25	36	6	19	10	32	40	11	28	32	26	0	0	5	9	34	36	0	8	14	189	77	108	79	82	29	35	28	0	0	13	30	14	19	28	27	87	139	72	21	72	63	11	38	0	54	0	30	44	0	c_Cercozoa_X; o_Cercozoa_XX; f_Cercozoa_XXX; g_Cercozoa_XXXX; s_Cercozoa_XXXX_sp.
ASV_295	0	0	0	0	0	0	0	0	0	0	0	0	0	0	0	0	0	25	0	0	8	0	0	0	0	0	0	82	29	61	117	142	110	19	0	0	17	0	19	66	40	85	26	35	41	135	133	131	116	141	115	30	14	15	17	37	23	23	30	17	0	0	19	11	0	42	17	28	11	16	11	0	19	0	16	0	12	0	0	40	34	34	102	79	95	19	56	0	16	0	20	24	21	c_Pyramimonadales; o_Pyramimonadales_X; f_Pyramimonadales_XX; g_Pyramimonadales_XXX; s_Pyramimonadales_XXX_sp.
ASV_299	0	31	33	32	44	78	22	35	14	25	31	18	10	0	0	34	45	75	26	56	86	19	36	25	27	16	37	0	0	0	27	34	53	36	39	20	64	94	114	23	21	42	12	14	17	39	34	27	26	21	20	26	14	24	0	0	0	20	25	13	4	0	3	8	4	48	25	40	0	11	12	10	15	0	25	17	15	13	0	9	18	15	39	61	47	8	0	8	18	0	86	71	59	c_CONThreeP; o_CONThreeP_X; f_CONThreeP_XX; g_Askenasia; s_Askenasia_sp.
ASV_300	0	0	0	0	0	0	9	0	0	0	0	0	0	0	0	49	95	141	17	31	12	35	47	37	55	33	61	30	16	14	244	292	234	10	11	15	8	9	9	27	15	36	18	17	35	10	10	0	0	20	19	37	18	21	91	134	134	16	64	34	25	19	13	45	29	10	0	0	11	0	0	0	0	0	7	4	0	0	0	26	15	21	28	0	19	0	0	23	60	31	0	18	17	c_Bacillariophyta; o_Bacillariophyta_X; f_Raphid-pennate; g_Raphid-pennate_X; s_Raphid-pennate_X_sp.
ASV_326	0	0	0	0	0	0	0	0	3	0	0	0	0	0	0	0	0	0	0	0	0	5	4	0	9	4	10	0	0	0	0	8	0	8	15	14	17	25	28	32	8	20	36	26	34	121	127	111	129	162	169	23	19	18	26	46	51	17	44	17	8	14	5	36	17	23	9	6	0	0	12	19	13	2	98	51	53	57	45	42	61	45	72	36	68	24	37	20	38	45	16	9	6	c_Bacillariophyta; o_Bacillariophyta_X; f_Polar-centric-Mediophyceae; g_Thalassiosira; s_Thalassiosira_sp.
ASV_328	149	157	68	36	31	51	38	105	54	28	11	25	9	3	9	0	12	21	7	25	17	31	24	19	51	32	43	77	37	69	37	31	43	0	10	21	4	13	13	95	85	91	9	23	9	25	0	4	0	0	0	0	0	0	0	22	9	0	0	0	0	0	8	0	0	0	8	9	0	0	5	14	11	0	26	10	10	33	0	22	54	47	21	25	45	9	48	11	49	26	50	27	30	c_Bacillariophyta; o_Bacillariophyta_X; f_Radial-centric-basal-Coscinodiscophyceae; g_Coscinodiscus; s_Coscinodiscus_radiatus
ASV_330	0	9	11	0	7	0	18	15	9	0	0	0	0	0	10	8	7	21	8	0	14	39	34	25	0	0	0	0	0	3	0	0	0	16	22	0	24	23	44	39	46	72	58	77	77	271	181	217	29	41	58	11	0	0	45	65	67	73	68	67	71	76	68	14	6	27	18	14	0	0	0	14	0	0	0	9	18	23	0	0	0	0	0	0	0	0	0	0	0	0	0	6	7	c_Spirotrichea; o_Tintinnida; f_Eutintinnidae; g_Eutintinnus; s_Eutintinnus_sp.
ASV_331	0	0	0	0	0	0	0	0	0	0	0	0	0	0	0	20	18	37	53	79	66	57	47	57	72	30	46	0	0	0	41	38	37	26	18	17	0	0	12	0	0	0	57	75	118	84	41	37	62	65	80	80	60	58	0	0	0	24	22	13	24	19	22	53	42	80	55	48	27	21	26	19	26	7	0	0	0	27	0	37	43	0	51	41	36	0	0	0	0	0	0	0	0	c_MAST; o_MAST-4; f_MAST-4E; g_MAST-4E_X; s_MAST-4E_X_sp.
ASV_332	0	0	0	0	0	0	0	0	0	0	0	7	0	0	0	41	105	160	87	132	119	58	25	14	32	12	33	135	82	125	3	10	15	27	37	34	11	22	20	41	16	12	0	6	8	0	0	0	24	10	18	0	0	0	0	0	0	0	0	0	8	0	0	0	0	0	0	0	0	0	0	11	17	5	36	20	28	22	16	29	35	50	157	151	146	12	38	13	0	7	31	16	32	c_Spirotrichea; o_Tintinnida; f_Tintinnida_X; g_Tintinnida_XX; s_Tintinnida_XX_sp.
SSV_333	0	0	0	0	0	0	0	0	0	0	0	0	0	0	0	0	0	0	0	0	0	0	0	0	0	0	0	0	0	0	34	28	35	168	122	102	25	17	16	12	15	19	34	33	46	11	10	11	0	0	0	80	38	52	0	0	0	0	0	7	0	0	0	104	40	128	181	108	23	12	24	6	26	14	31	10	48	40	14	59	82	47	64	93	56	7	6	0	0	0	0	0	0	c_Syndiniales; o_Dino-Group-II; f_Dino-Group-II-Clade-17; g_Dino-Group-II-Clade-17_X; s_Dino-Group-II-Clade-17_X_sp.
ASV_335	0	0	0	0	0	0	0	0	0	0	0	0	0	0	0	13	10	13	0	0	5	14	20	9	25	13	20	0	0	0	91	113	100	12	7	11	0	0	0	16	21	20	0	0	0	0	5	6	11	22	34	19	20	17	30	50	34	11	25	26	18	30	50	43	27	25	29	30	10	0	5	24	26	18	92	47	63	87	74	56	109	79	85	92	76	0	0	37	62	52	20	15	14	c_Bacillariophyta; o_Bacillariophyta_X; f_Raphid-pennate; g_Raphid-pennate_X; s_Raphid-pennate_X_sp.
ASV_336	0	0	0	0	0	0	0	14	37	189	164	181	0	5	20	36	45	83	12	44	35	10	14	0	34	37	28	18	6	9	0	15	0	0	0	0	18	0	0	0	23	15	0	0	0	21	22	32	0	0	0	0	0	0	0	0	0	40	36	37	24	26	10	30	0	78	48	33	85	58	79	23	75	10	19	0	29	53	31	26	35	16	43	47	36	0	38	0	28	0	7	7	12	c_Dinophyceae; o_Suessiales; f_Suessiales_X; g_Suessiales_XX; s_Suessiales_XX_sp.
ASV_338	0	0	0	0	0	0	0	0	0	0	0	0	0	0	0	0	0	0	0	0	0	0	0	0	0	0	0	0	0	0	0	0	0	62	50	48	13	20	20	42	21	41	20	9	22	75	83	57	72	136	89	48	28	45	66	46	29	49	72	32	0	25	37	105	87	35	45	24	55	46	95	35	47	27	45	30	78	47	28	0	0	0	0	0	0	0	0	0	0	0	0	0	0	c_Spirotrichea; o_Tintinnida; f_Tintinnidiidae; g_Tintinnidium; s_Tintinnidium_sp.
ASV_339	0	0	0	0	0	0	0	0	0	0	0	0	0	0	0	22	0	0	0	16	0	32	25	20	62	24	51	27	16	25	54	58	83	44	26	18	20	15	27	13	19	21	10	23	28	24	20	14	30	37	30	35	25	27	57	88	51	27	24	0	32	29	52	33	0	52	66	48	66	24	40	17	28	15	65	29	23	38	30	20	13	29	26	22	17	7	25	0	0	0	4	0	8	c_Cryptophyceae; o_Cryptophyceae_X; f_Cryptomonadales; g_Chroomonas; s_Chroomonas_coerulea
ASV_341	0	0	0	0	0	0	0	0	0	0	0	0	10	8	17	12	0	21	14	37	6	23	36	31	28	14	27	6	0	0	96	76	74	12	5	0	21	15	19	0	0	14	9	0	26	9	0	0	55	87	120	0	0	0	30	68	83	17	72	59	34	23	42	11	11	53	54	62	58	34	54	28	40	13	50	18	36	49	31	46	27	34	30	20	29	0	6	5	7	0	0	0	0	c_Chlorodendrophyceae; o_Chlorodendrales; f_Chlorodendraceae; g_Chlorodendrales_XX; s_Chlorodendrales_XX_sp.
ASV_348	0	3	0	0	0	0	0	0	0	0	0	0	0	0	0	6	7	10	0	5	4	13	6	3	5	5	5	0	0	3	68	57	82	32	34	25	49	21	72	27	41	84	18	39	46	86	107	75	43	61	58	21	21	15	9	39	30	23	28	13	53	49	60	32	11	38	29	55	12	10	19	9	10	10	13	14	26	19	11	26	18	15	32	17	12	0	7	0	16	9	5	10	4	c_Pyramimonadales; o_Pyramimonadales_X; f_Pyramimonadales_XX; g_Pyramimonas; s_Pyramimonas_disomata
ASV_353	0	0	0	0	0	0	0	0	0	0	0	0	0	0	0	0	0	0	0	0	0	3	0	0	32	9	18	104	41	72	50	35	46	55	39	38	61	43	49	100	53	104	51	130	149	35	50	40	39	58	76	20	14	8	22	10	25	12	23	15	7	19	14	14	6	10	0	8	19	4	6	0	8	4	7	0	0	6	0	37	67	53	13	9	0	18	20	15	7	7	0	0	0	c_MAST; o_MAST-12; f_MAST-12D; g_MAST-12D_X; s_MAST-12D_X_sp.
ASV_361	0	0	0	0	0	0	0	0	0	0	0	0	0	0	0	0	0	0	0	0	0	0	0	0	0	0	0	11	0	0	8	0	7	72	44	28	54	61	49	55	36	52	17	15	41	42	17	51	19	25	38	31	20	14	24	35	21	31	78	43	35	19	48	55	23	80	34	59	74	36	49	29	76	23	50	25	27	66	39	5	5	0	9	7	25	0	0	0	0	0	0	0	0	c_Trebouxiophyceae; o_Chlorellales; f_Chlorellales_X; g_Picochlorum; s_Picochlorum_sp.
ASV_369	0	0	0	0	0	0	0	0	0	0	0	0	0	0	0	0	0	0	0	2	0	7	0	0	9	6	8	63	24	25	26	21	13	11	5	14	17	15	23	70	36	71	9	27	38	222	174	162	39	58	61	33	17	25	26	51	24	12	23	8	7	3	0	24	6	14	13	16	6	8	13	32	48	10	32	10	29	23	12	24	34	20	23	5	12	0	6	0	5	4	5	7	2	c_Porphyridiophyceae; o_Porphyridiales; f_Porphyridiales_X; g_Porphyridiales_XX; s_Porphyridiales_XX_sp.
ASV_378	0	0	0	0	0	0	0	4	0	0	0	0	0	0	7	0	0	0	0	0	0	0	0	0	0	0	0	0	0	0	0	0	0	0	0	0	0	0	0	9	9	11	6	0	8	0	0	8	18	39	36	11	19	10	14	27	25	17	55	33	67	67	41	143	63	41	26	25	0	0	13	16	28	0	103	50	95	163	73	42	93	90	10	27	37	0	0	10	69	43	0	0	0	c_Bacillariophyta; o_Bacillariophyta_X; f_Polar-centric-Mediophyceae; g_Thalassiosira; s_Thalassiosira_tenera
SSV_386	0	0	0	0	0	0	0	0	0	0	0	0	0	0	0	0	0	0	0	0	0	0	0	0	0	0	0	0	0	0	117	100	160	31	23	31	56	60	67	30	37	26	10	12	17	13	18	14	14	17	12	43	27	45	0	7	7	0	24	8	0	15	0	60	6	40	27	19	78	53	114	10	23	0	67	40	24	41	30	0	0	0	6	0	0	0	0	0	0	0	0	0	0	c_Syndiniales; o_Dino-Group-II; f_Dino-Group-II-Clade-1; g_Dino-Group-II-Clade-1_X; s_Dino-Group-II-Clade-1_X_sp.
ASV_388	0	0	0	0	0	0	0	0	0	0	0	0	0	0	0	0	0	0	0	0	0	0	0	0	0	0	0	0	0	0	0	0	0	4	3	7	57	58	58	27	0	19	98	86	109	71	84	77	71	55	56	96	58	30	21	44	31	62	65	34	35	57	62	48	22	14	0	6	13	0	19	13	34	0	16	4	6	0	0	12	6	11	0	3	3	0	0	0	0	0	0	0	0	c_Bacillariophyta; o_Bacillariophyta_X; f_Radial-centric-basal-Coscinodiscophyceae; g_Leptocylindrus; s_Leptocylindrus_minimus
ASV_398	0	0	0	19	16	14	22	0	4	10	10	12	30	0	0	29	44	60	8	34	23	11	11	13	13	7	20	10	0	6	0	0	0	36	39	22	6	0	0	0	0	0	70	64	109	45	33	21	15	35	28	82	63	95	11	19	0	26	12	8	0	6	5	37	51	19	10	9	10	18	8	5	0	0	0	0	33	21	15	0	5	0	0	0	0	19	47	0	18	12	7	10	16	c_CONThreeP; o_CONThreeP_X; f_Urotrichidae; g_Urotricha; s_Urotricha_sp.
ASV_401	0	0	0	0	0	0	0	0	0	0	0	0	0	0	0	0	0	0	0	0	0	0	0	0	0	0	0	0	0	0	0	0	11	12	0	0	40	26	48	76	47	84	25	61	73	56	42	36	0	8	16	65	24	13	8	27	30	0	37	13	11	11	9	75	37	44	43	39	57	25	46	35	38	7	41	9	16	64	46	27	31	12	14	30	20	0	12	0	10	0	0	0	0	c_Chlorophyceae; o_Chlamydomonadales; f_Chlamydomonadales_X; g_Tetracystis; s_Tetracystis_aplanospora
ASV_406	0	0	0	0	0	0	0	0	0	0	0	0	0	0	0	0	0	0	0	0	0	0	0	0	0	0	0	50	15	35	15	15	24	40	39	21	26	20	22	30	14	11	11	0	21	53	57	39	19	19	23	55	30	34	18	23	23	19	32	22	0	0	0	26	21	35	43	43	142	74	100	0	14	0	40	14	51	51	50	0	0	0	0	0	0	0	0	0	0	0	0	0	0	c_Filosa-Thecofilosea; o_Ventricleftida; f_Ventrifissuridae; g_Ventrifissuridae_X; s_Ventrifissuridae_X_sp.
ASV_412	0	0	0	0	0	0	0	0	0	0	0	0	0	0	0	0	0	0	0	0	0	0	0	0	0	0	0	0	0	0	64	67	55	0	0	0	30	21	31	60	43	79	34	55	101	6	0	9	34	49	29	21	17	28	18	19	19	13	27	24	29	32	29	23	23	22	0	17	32	15	0	25	48	14	50	20	22	57	15	17	29	15	19	15	18	0	0	0	23	0	0	0	0	c_MAST; o_MAST-12; f_MAST-12A; g_MAST-12A_X; s_MAST-12A_X_sp.
ASV_430	9	17	8	0	0	4	5	0	5	5	0	0	0	0	0	9	7	17	14	27	30	17	11	15	0	0	0	0	0	0	5	5	2	0	0	0	10	8	8	14	8	22	19	38	31	104	98	92	42	67	57	0	0	5	5	7	5	10	5	9	0	0	0	0	3	0	4	9	4	0	0	0	17	0	9	0	0	11	2	71	61	70	30	28	66	15	82	15	46	28	28	20	24	c_Bacillariophyta; o_Bacillariophyta_X; f_Radial-centric-basal-Coscinodiscophyceae; g_Leptocylindrus; s_Leptocylindrus_sp.
ASV_434	14	5	7	0	0	0	0	0	0	0	0	0	0	0	0	18	34	27	4	5	6	27	20	19	0	6	11	0	0	0	0	0	0	11	6	7	12	17	22	17	16	19	19	12	17	6	6	6	7	0	0	101	37	62	9	10	9	6	18	10	11	18	14	124	62	51	70	57	59	36	69	0	16	0	0	0	0	0	0	0	0	0	12	0	12	0	0	19	14	16	43	38	73	c_Picozoa_X; o_Picozoa_XX; f_Picozoa_XXX; g_Picomonas; s_Picomonas_judraskeda
ASV_439	0	4	0	0	0	0	0	0	0	3	8	9	28	26	40	0	0	8	0	0	0	0	0	0	32	16	0	67	47	71	34	42	48	14	0	0	3	5	4	6	0	34	0	6	8	2	0	4	3	0	0	12	4	0	0	5	5	0	7	5	0	0	0	0	0	17	17	15	11	9	9	26	29	9	40	19	47	65	48	67	90	74	17	34	26	0	22	17	71	35	10	20	19	c_Filosa-Chlorarachnea; o_Filosa-Chlorarachnea_X; f_NPK2-lineage; g_NPK2-lineage_X; s_NPK2-lineage_X_sp.
ASV_448	48	37	32	17	19	27	31	47	28	74	92	124	6	5	10	11	9	23	0	17	12	10	19	11	49	9	46	18	9	21	8	12	24	12	0	0	11	0	0	9	0	0	0	0	0	0	0	0	0	0	0	0	0	0	0	0	0	0	0	0	0	0	0	0	0	0	0	0	0	0	0	0	0	0	0	0	12	13	13	42	38	43	50	86	43	8	32	0	34	11	26	27	21	c_Prymnesiophyceae; o_Prymnesiales; f_Prymnesiophyceae_Clade_B4; g_Prymnesiophyceae_Clade_B4_X; s_Prymnesiophyceae_Clade_B4_X_sp.
ASV_463	0	0	0	0	0	0	0	0	0	0	0	0	0	0	0	0	0	0	0	0	0	0	0	0	0	0	0	0	0	0	0	0	5	20	14	12	51	51	57	4	0	3	15	18	23	0	1	0	0	0	0	0	31	21	40	32	30	2	53	51	43	44	45	0	19	58	59	57	0	48	50	55	2	20	31	13	13	38	16	21	6	7	32	9	17	0	18	0	0	0	7	0	11	c_Cryptophyceae; o_Cryptophyceae_X; f_Cryptomonadales; g_Cryptomonadales_X; s_Cryptomonadales_X_sp.
ASV_472	0	0	0	0	0	0	0	0	0	0	0	0	16	17	0	0	0	0	0	0	0	29	27	0	19	0	15	43	19	29	0	11	0	75	74	47	0	0	15	19	21	16	0	0	0	21	16	21	28	16	17	86	64	41	0	14	8	0	9	12	0	18	13	71	63	0	9	11	21	0	17	0	21	0	83	32	14	7	12	0	0	0	0	0	0	0	0	0	0	0	0	0	10	c_Dinophyceae; o_Gymnodiniales; f_Gymnodiniaceae; g_Gymnodinium; s_Gymnodinium_dorsalisulcum
ASV_491	0	0	0	0	0	0	0	0	0	0	0	0	0	6	0	24	52	80	7	0	0	154	135	55	0	0	0	9	0	0	0	0	0	14	17	9	5	0	5	11	21	32	0	5	0	18	21	19	3	7	0	20	17	10	0	0	0	0	0	0	0	0	0	21	12	24	11	27	0	8	0	0	7	0	8	0	21	36	14	41	85	45	10	0	10	5	16	12	12	9	0	7	0	c_MAST; o_MAST-6; f_MAST-6_X; g_MAST-6_XX; s_MAST-6_XX_sp.
ASV_502	7	4	6	18	0	16	28	38	33	14	4	11	0	0	0	0	0	4	0	6	0	53	56	28	64	38	67	0	0	0	0	7	0	31	22	27	9	7	13	0	0	0	22	40	41	29	11	13	15	0	5	0	0	0	0	0	0	0	0	0	0	0	0	0	0	0	8	0	0	0	0	0	0	0	4	4	0	7	6	37	39	42	22	18	23	17	42	8	32	20	19	43	35	c_Bacillariophyta; o_Bacillariophyta_X; f_Polar-centric-Mediophyceae; g_Porosira; s_Porosira_pseudodelicatula
ASV_527	0	0	0	0	0	0	0	0	0	0	0	0	0	0	0	0	10	0	0	0	0	0	0	0	0	0	17	0	0	5	38	29	57	61	38	17	12	0	9	44	19	43	10	14	8	55	80	67	13	20	32	4	0	0	4	8	4	18	21	13	14	9	16	5	0	7	9	0	6	0	0	0	11	0	6	9	6	0	0	0	8	4	11	26	30	0	0	21	39	24	26	23	22	c_Pyramimonadales; o_Pyramimonadales_X; f_Pyramimonadales_XX; g_Pyramimonas; s_Pyramimonas_sp.
ASV_529	0	0	0	0	0	0	6	0	0	0	0	0	0	0	0	17	14	13	14	15	21	8	19	15	19	8	10	120	37	48	55	65	33	36	22	21	27	27	18	9	25	31	0	9	8	13	0	19	4	13	14	0	5	6	0	13	5	0	17	12	0	0	0	0	0	7	6	10	17	4	17	0	12	0	11	0	0	0	8	0	8	0	37	9	14	0	11	0	9	0	12	0	5	c_Trebouxiophyceae; o_Chlorellales; f_Chlorellales_X; g_Picochlorum; s_Picochlorum_sp.
ASV_535	0	0	0	0	0	0	0	0	0	0	0	0	8	6	5	0	11	2	0	0	6	18	22	3	4	2	10	8	0	18	24	28	10	0	0	0	21	16	14	36	31	42	4	6	2	17	17	16	24	25	22	24	13	19	0	0	0	39	42	16	6	6	10	35	15	19	32	29	6	8	6	4	7	0	3	4	9	10	6	4	9	4	56	40	43	0	6	7	11	0	0	0	9	c_Planomonadida; o_Planomonadidae; f_Planomonadidae_Group-1; g_Planomonadidae_Group-1_X; s_Planomonadidae_Group-1_X_sp.
ASV_563	0	0	0	0	0	0	0	0	0	0	0	0	0	0	0	17	53	76	0	29	24	46	31	15	0	7	7	0	0	0	11	15	8	17	18	14	10	16	11	19	25	61	11	4	0	21	17	12	0	0	0	7	4	0	0	0	0	0	0	0	0	0	0	0	0	0	0	0	0	0	0	13	11	0	14	9	24	12	0	9	15	4	41	68	37	13	23	0	7	0	0	0	8	c_CONThreeP; o_CONThreeP_X; f_CONThreeP_XX; g_Askenasia; s_Askenasia_sp.
ASV_566	0	6	0	0	0	0	0	0	0	0	0	0	0	0	0	0	7	10	0	0	0	16	29	0	0	11	11	0	0	0	10	16	17	0	0	0	0	0	4	25	0	12	0	13	0	0	0	0	19	47	34	15	12	0	9	18	35	22	30	11	0	0	10	44	37	12	13	0	19	10	14	0	19	12	10	0	16	36	30	21	22	19	15	15	26	0	0	30	40	21	0	0	0	c_Bacillariophyta; o_Bacillariophyta_X; f_Raphid-pennate; g_Psammodictyon; s_Psammodictyon_sp.
ASV_571	0	0	0	0	0	0	0	0	0	0	0	0	0	0	0	4	9	0	0	0	0	9	0	13	24	12	28	0	0	0	28	21	26	9	0	0	10	10	6	26	10	18	0	10	18	0	0	0	18	39	22	6	5	8	13	39	27	12	12	13	15	19	25	34	24	16	12	5	17	0	13	0	0	0	16	5	19	35	19	7	20	29	0	0	7	0	0	0	15	14	0	0	0	c_Bacillariophyta; o_Bacillariophyta_X; f_Araphid-pennate; g_Delphineis; s_Delphineis_sp.
ASV_580	0	0	0	0	0	0	0	0	0	0	0	0	0	0	0	0	0	0	0	0	0	0	0	0	0	0	0	0	0	0	11	0	29	10	0	11	14	23	34	32	19	39	11	0	0	0	12	0	16	32	35	9	12	13	17	19	23	10	18	11	43	42	29	16	15	23	18	19	12	12	27	8	8	0	0	0	0	0	7	9	12	11	14	20	0	7	24	0	0	0	0	0	13	c_Bacillariophyta; o_Bacillariophyta_X; f_Polar-centric-Mediophyceae; g_Thalassiosira; s_Thalassiosira_sp.
ASV_586	0	35	20	0	0	0	0	9	10	16	10	0	5	0	0	0	0	6	0	13	0	0	0	0	7	0	5	17	0	18	0	0	0	0	12	0	8	17	15	47	23	42	0	12	21	0	0	0	0	0	0	20	8	8	25	46	47	0	17	9	13	0	21	7	0	22	18	17	13	0	13	0	16	10	0	3	7	0	8	31	26	17	18	14	10	0	0	8	13	9	0	11	23	c_Filosa-Thecofilosea; o_Ventricleftida; f_CCW10-lineage; g_CCW10-lineage_X; s_CCW10-lineage_X_sp.
ASV_592	28	18	28	18	0	15	30	24	13	0	6	8	6	0	0	11	0	17	9	3	0	27	23	21	0	10	6	0	0	0	0	10	3	0	0	5	0	2	2	11	0	8	6	2	6	10	7	0	0	3	0	0	9	0	11	12	9	4	7	2	0	0	3	22	14	12	2	0	6	5	4	10	0	0	15	7	28	26	37	14	17	22	28	17	22	0	0	0	81	40	0	4	4	c_Ulvophyceae; o_Ulvales-relatives; f_Ulvales-relatives_X; g_Dilabifilum; s_Dilabifilum_arthropyreniae
ASV_602	12	15	14	18	16	25	4	0	6	23	12	34	18	10	14	0	28	30	0	10	42	37	6	25	15	48	7	17	0	25	12	0	0	0	0	0	16	3	5	0	0	0	30	23	30	20	19	0	0	0	23	0	0	0	0	0	0	0	0	0	0	0	0	0	0	0	0	0	0	0	0	0	0	0	0	0	0	5	0	15	9	14	5	2	0	0	0	0	12	27	38	23	21	c_Prymnesiophyceae; o_Prymnesiales; f_Chrysochromulinaceae; g_Chrysochromulina; s_Chrysochromulina_sp.
ASV_608	0	3	0	8	11	1	2	1	3	15	20	0	2	2	0	4	3	13	3	4	5	6	12	5	3	23	4	0	0	0	0	0	0	27	18	14	0	0	0	0	0	0	0	0	0	6	23	18	0	0	9	39	17	19	0	13	13	29	24	0	4	2	26	43	25	0	8	11	0	29	21	0	11	17	28	13	1	23	0	0	0	0	0	25	0	24	14	4	0	33	0	10	16	c_Dinophyceae; o_Gymnodiniales; f_Gymnodiniaceae; g_Gyrodinium; s_Gyrodinium_sp.
ASV_613	0	0	0	0	0	0	0	0	2	0	0	0	0	0	0	0	0	0	0	0	0	3	4	0	2	1	3	0	0	0	0	1	0	5	3	4	6	10	22	10	21	12	3	20	7	35	56	34	36	63	37	8	6	10	5	8	12	10	13	7	1	0	5	10	0	0	3	8	0	0	0	0	6	3	38	17	27	20	21	29	22	17	10	17	25	3	10	10	14	19	2	7	0	c_Bacillariophyta; o_Bacillariophyta_X; f_Polar-centric-Mediophyceae; g_Thalassiosira; s_Thalassiosira_punctigera
SSV_646	0	0	0	0	0	0	0	0	0	0	0	0	18	6	11	5	5	0	9	6	0	7	0	0	3	0	5	6	8	7	0	0	7	27	12	10	0	11	23	28	0	9	35	39	72	34	20	22	9	10	0	30	28	11	7	0	5	25	13	12	0	0	12	23	0	18	12	25	0	0	7	0	0	0	0	0	5	0	0	0	0	0	0	0	0	0	0	0	0	0	21	0	6	c_Syndiniales; o_Dino-Group-II; f_Dino-Group-II-Clade-12; g_Dino-Group-II-Clade-12_X; s_Dino-Group-II-Clade-12_X_sp.
ASV_777	0	0	14	3	9	8	15	0	9	0	10	7	0	1	10	24	9	12	6	0	0	5	9	4	0	7	0	4	6	2	6	10	8	12	6	2	14	7	5	8	5	11	7	3	6	7	0	0	0	0	8	0	0	0	0	10	0	0	0	0	0	0	0	0	0	6	9	3	0	6	0	2	0	0	21	15	21	0	8	0	12	6	8	0	4	3	9	6	5	8	0	14	0	c_Prymnesiophyceae; o_Prymnesiales; f_Chrysochromulinaceae; g_Chrysochromulina; s_Chrysochromulina_sp.
ASV_1018	13	5	0	0	0	11	0	10	2	0	10	16	9	10	3	17	15	23	0	0	1	3	1	8	3	13	14	0	0	0	0	4	1	0	0	0	0	1	3	0	0	1	0	2	2	0	0	0	0	0	2	1	3	1	0	3	2	3	1	1	0	1	1	0	0	0	2	0	0	0	2	4	0	0	2	0	2	0	3	0	16	16	9	11	11	0	0	0	0	0	0	0	0	c_Cryptophyceae; o_Cryptophyceae_X; f_Cryptomonadales; g_Hemiselmis; s_Hemiselmis_andersenii
