Sample	Season	Heat	Date	Month	Temp	Salinity	Chlorophyll	Nitrate	Ammonium	Phosphate	Silicate	Solar 	POC	PON	DO
011618-A-G10	Winter	low	11618	Jan	8.52	29.03	3.440439207	0.838870968	4.993550765	0.570129093	39.1021644	6.74	58.26111574	7.161937968	18.33
011618-B-G11	Winter	low	11618	Jan	8.52	29.03	3.440439207	0.838870968	4.993550765	0.570129093	39.1021644	6.74	58.26111574	7.161937968	18.33
011618-C-G12	Winter	low	11618	Jan	8.52	29.03	3.440439207	0.838870968	4.993550765	0.570129093	39.1021644	6.74	58.26111574	7.161937968	18.33
012418-A-H1	Winter	low	12418	Jan	9.71	29.3	2.074240031	0.197258065	1.023217247	0.410921344	26.28196055	6.58	34.26489189	6.719691923	17.2
012418-B-H2	Winter	low	12418	Jan	9.71	29.3	2.074240031	0.197258065	1.023217247	0.410921344	26.28196055	6.58	34.26489189	6.719691923	17.2
012418-C-H3	Winter	low	12418	Jan	9.71	29.3	2.074240031	0.197258065	1.023217247	0.410921344	26.28196055	6.58	34.26489189	6.719691923	17.2
020118-A-H4	Winter	mild	20118	Feb	10.84	31	3.187457503	0.342903226	2.359038143	0.370599768	18.38012	7.52	80.48018318	6.764904246	14.13
020118-B-H5	Winter	mild	20118	Feb	10.84	31	3.187457503	0.342903226	2.359038143	0.370599768	18.38012	7.52	80.48018318	6.764904246	14.13
020118-C-H6	Winter	mild	20118	Feb	10.84	31	3.187457503	0.342903226	2.359038143	0.370599768	18.38012	7.52	80.48018318	6.764904246	14.13
020818-A-H7	Winter	mild	20818	Feb	12.79	29.02	2.306241399	0.421774194	3.02957435	0.463679688	24.8779862	3.45	37.86234908	21.07731057	14.86
020818-B-H8	Winter	mild	20818	Feb	12.79	29.02	2.306241399	0.421774194	3.02957435	0.463679688	24.8779862	3.45	37.86234908	21.07731057	14.86
020818-C-H9	Winter	mild	20818	Feb	12.79	29.02	2.306241399	0.421774194	3.02957435	0.463679688	24.8779862	3.45	37.86234908	21.07731057	14.86
022118-A-H10	Winter	mild	22118	Feb	17.32	28.35	1.321243313	0.493387097	3.855444997	0.62374234	34.79159375	11.52	40.86018292	11.30425167	11.63
022118-B-H11	Winter	mild	22118	Feb	17.32	28.35	1.321243313	0.493387097	3.855444997	0.62374234	34.79159375	11.52	40.86018292	11.30425167	11.63
022118-C-H12	Winter	mild	22118	Feb	17.32	28.35	1.321243313	0.493387097	3.855444997	0.62374234	34.79159375	11.52	40.86018292	11.30425167	11.63
031617-A-A1	Spring	mild	31617	Mar	13.56	27.34	4.052459385	0.605887097	2.951907131	0.707931031	43.44829055	13.49	78.54995837	8.131928571	9.84
031617-B-A2	Spring	mild	31617	Mar	13.56	27.34	4.052459385	0.605887097	2.951907131	0.707931031	43.44829055	13.49	78.54995837	8.131928571	9.84
031617-C-A3	Spring	mild	31617	Mar	13.56	27.34	4.052459385	0.605887097	2.951907131	0.707931031	43.44829055	13.49	78.54995837	8.131928571	9.84
032217-A-A4	Spring	mild	32217	Mar	16.82	26.64	3.168162451	0.005	1.388888889	0.551370643	43.44829055	12.56	68.63613655	12.829	11.09
032217-B-A5	Spring	mild	32217	Mar	16.82	26.64	3.168162451	0.005	1.388888889	0.551370643	43.44829055	12.56	68.63613655	12.829	11.09
032217-C-A6	Spring	mild	32217	Mar	16.82	26.64	3.168162451	0.005	1.388888889	0.551370643	43.44829055	12.56	68.63613655	12.829	11.09
032917-A-A7	Spring	mild	32917	Mar	19.82	27.7	5.141512813	0.030080645	0.95660586	0.763375487	43.9335302	14.09	154.2717735	16.38613839	8.98
032917-B-A8	Spring	mild	32917	Mar	19.82	27.7	5.141512813	0.030080645	0.95660586	0.763375487	43.9335302	14.09	154.2717735	16.38613839	8.98
032917-C-A9	Spring	mild	32917	Mar	19.82	27.7	5.141512813	0.030080645	0.95660586	0.763375487	43.9335302	14.09	154.2717735	16.38613839	8.98
041217-A-A10	Spring	high	41217	Apr	20.36	28.84	3.909516173	0.185268817	3.184816657	0.413211997	37.5010393	17.41	61.29337011	13.72422922	9.49
041217-B-A11	Spring	high	41217	Apr	20.36	28.84	3.909516173	0.185268817	3.184816657	0.413211997	37.5010393	17.41	61.29337011	13.72422922	9.49
041217-C-A12	Spring	high	41217	Apr	20.36	28.84	3.909516173	0.185268817	3.184816657	0.413211997	37.5010393	17.41	61.29337011	13.72422922	9.49
042017-A-B1	Spring	high	42017	Apr	24.2	27.45	3.159566541	0.170241935	1.134051962	0.550707908	55.7154518	14.86	50.22402945	13.40239988	8.08
042017-B-B2	Spring	high	42017	Apr	24.2	27.45	3.159566541	0.170241935	1.134051962	0.550707908	55.7154518	14.86	50.22402945	13.40239988	8.08
042017-C-B3	Spring	high	42017	Apr	24.2	27.45	3.159566541	0.170241935	1.134051962	0.550707908	55.7154518	14.86	50.22402945	13.40239988	8.08
050317-A-B4	Spring	high	50317	May	25.9	29.6	6.22365088	0.628387097	0.480099502	0.566276824	52.25205095	22.33	56.70694647	12.08769386	7.13
050317-B-B5	Spring	high	50317	May	25.9	29.6	6.22365088	0.628387097	0.480099502	0.566276824	52.25205095	22.33	56.70694647	12.08769386	7.13
050317-C-B6	Spring	high	50317	May	25.9	29.6	6.22365088	0.628387097	0.480099502	0.566276824	52.25205095	22.33	56.70694647	12.08769386	7.13
060717-A-B7	Spring	high	60717	Jun	27.96	30.87	2.681676045	0.678467742	1.300442233	0.717022323	91.04481455	16.12	52.57301337	11.9153382	6.11
060717-B-B8	Spring	high	60717	Jun	27.96	30.87	2.681676045	0.678467742	1.300442233	0.717022323	91.04481455	16.12	52.57301337	11.9153382	6.11
060717-C-B9	Spring	high	60717	Jun	27.96	30.87	2.681676045	0.678467742	1.300442233	0.717022323	91.04481455	16.12	52.57301337	11.9153382	6.11
061517-A-B10	Spring	high	61517	Jun	28.03	28.89	5.40814	0.320483871	0.535378662	0.570205328	99.0110678	19.86	68.86424854	14.80222289	7.69
061517-B-B11	Spring	high	61517	Jun	28.03	28.89	5.40814	0.320483871	0.535378662	0.570205328	99.0110678	19.86	68.86424854	14.80222289	7.69
061517-C-B12	Spring	high	61517	Jun	28.03	28.89	5.40814	0.320483871	0.535378662	0.570205328	99.0110678	19.86	68.86424854	14.80222289	7.69
062217-A-C1	Summer	high	62217	Jun	28.93	31.48	1.939876304	0.598387097	2.137368712	0.761783405	113.0611688	12.68	81.4203164	18.257375	6.19
062217-B-C2	Summer	high	62217	Jun	28.93	31.48	1.939876304	0.598387097	2.137368712	0.761783405	113.0611688	12.68	81.4203164	18.257375	6.19
062217-C-C3	Summer	high	62217	Jun	28.93	31.48	1.939876304	0.598387097	2.137368712	0.761783405	113.0611688	12.68	81.4203164	18.257375	6.19
070617-A-C4	Summer	high	70617	Jul	30.01	28.12	4.092495176	0.583306452	0.590934218	0.537349373	98.47680695	18.98	80.09175947	14.09853985	9.44
070617-B-C5	Summer	high	70617	Jul	30.01	28.12	4.092495176	0.583306452	0.590934218	0.537349373	98.47680695	18.98	80.09175947	14.09853985	9.44
070617-C-C6	Summer	high	70617	Jul	30.01	28.12	4.092495176	0.583306452	0.590934218	0.537349373	98.47680695	18.98	80.09175947	14.09853985	9.44
072117-A-C7	Summer	high	72117	Jul	30.23	30.15	6.382277018	1.299354839	0.090934218	0.733717841	127.0468023	16.39	79.65101478	14.67532185	6.22
072117-B-C8	Summer	high	72117	Jul	30.23	30.15	6.382277018	1.299354839	0.090934218	0.733717841	127.0468023	16.39	79.65101478	14.67532185	6.22
072117-C-C9	Summer	high	72117	Jul	30.23	30.15	6.382277018	1.299354839	0.090934218	0.733717841	127.0468023	16.39	79.65101478	14.67532185	6.22
072717-A-C10	Summer	high	72717	Jul	29.74	32.14	4.11488913	0.771129032	0.191818684	0.816277667	121.8598952	11.08	70.60512854	11.18751255	5.43
072717-B-C11	Summer	high	72717	Jul	29.74	32.14	4.11488913	0.771129032	0.191818684	0.816277667	121.8598952	11.08	70.60512854	11.18751255	5.43
072717-C-C12	Summer	high	72717	Jul	29.74	32.14	4.11488913	0.771129032	0.191818684	0.816277667	121.8598952	11.08	70.60512854	11.18751255	5.43
080317-A-D1	Summer	high	80317	Aug	29.13	29.94	4.587961418	1.259354839	0	0.690555228	130.214233	15.47	59.29589925	13.01912764	7.75
080317-B-D2	Summer	high	80317	Aug	29.13	29.94	4.587961418	1.259354839	0	0.690555228	130.214233	15.47	59.29589925	13.01912764	7.75
080317-C-D3	Summer	high	80317	Aug	29.13	29.94	4.587961418	1.259354839	0	0.690555228	130.214233	15.47	59.29589925	13.01912764	7.75
081017-A-D4	Summer	high	81017	Aug	29.22	29.73	4.758715321	1.507177419	0	0.690399916	139.2380938	7.62	69.29775448	12.68973564	6.5
081017-B-D5	Summer	high	81017	Aug	29.22	29.73	4.758715321	1.507177419	0	0.690399916	139.2380938	7.62	69.29775448	12.68973564	6.5
081017-C-D6	Summer	high	81017	Aug	29.22	29.73	4.758715321	1.507177419	0	0.690399916	139.2380938	7.62	69.29775448	12.68973564	6.5
081617-A-D7	Summer	high	81617	Aug	31.23	29.28	5.315764938	1.770080645	0	0.66823818	119.097811	18.51	41.70808701	7.36527308	6.82
081617-B-D8	Summer	high	81617	Aug	31.23	29.28	5.315764938	1.770080645	0	0.66823818	119.097811	18.51	41.70808701	7.36527308	6.82
081617-C-D9	Summer	high	81617	Aug	31.23	29.28	5.315764938	1.770080645	0	0.66823818	119.097811	18.51	41.70808701	7.36527308	6.82
082317-A-D10	Summer	high	82317	Aug	30.66	30.32	5.797234958	1.497177419	0.352404643	0.729217648	119.64932	17.89	38.91084903	10.52543714	4.2
082317-B-D11	Summer	high	82317	Aug	30.66	30.32	5.797234958	1.497177419	0.352404643	0.729217648	119.64932	17.89	38.91084903	10.52543714	4.2
082317-C-D12	Summer	high	82317	Aug	30.66	30.32	5.797234958	1.497177419	0.352404643	0.729217648	119.64932	17.89	38.91084903	10.52543714	4.2
083017-A-E1	Summer	high	83017	Aug	27.02	26.58	2.474531967	1.71	1.206191266	0.693121407	125.745877	10.79	37.62847627	11.49227076	21.67
083017-B-E2	Summer	high	83017	Aug	27.02	26.58	2.474531967	1.71	1.206191266	0.693121407	125.745877	10.79	37.62847627	11.49227076	21.67
090617-A-E3	Summer	high	90617	Sept	28.57	27.98	3.818169234								6.73
090617-B-E4	Summer	high	90617	Sept	28.57	27.98	3.818169234								6.73
090617-C-E5	Summer	high	90617	Sept	28.57	27.98	3.818169234								6.73
092017-A-E6	Summer	high	92017	Sept	27.05	26.73	2.578104006	0.748548387	2.852128248	0.358405496	81.62011895	11.04	56.32912157	7.325562032	6.45
092017-B-E7	Summer	high	92017	Sept	27.05	26.73	2.578104006	0.748548387	2.852128248	0.358405496	81.62011895	11.04	56.32912157	7.325562032	6.45
092017-C-E8	Summer	high	92017	Sept	27.05	26.73	2.578104006	0.748548387	2.852128248	0.358405496	81.62011895	11.04	56.32912157	7.325562032	6.45
092617-A-E9	Fall	high	92617	Sept	28.13	28.79	2.74325942	0.460645161	0.895798784	0.537611035	86.83790495	11.03	57.39785595	6.74346378	7.7
092617-B-E10	Fall	high	92617	Sept	28.13	28.79	2.74325942	0.460645161	0.895798784	0.537611035	86.83790495	11.03	57.39785595	6.74346378	7.7
092617-C-E11	Fall	high	92617	Sept	28.13	28.79	2.74325942	0.460645161	0.895798784	0.537611035	86.83790495	11.03	57.39785595	6.74346378	7.7
100417-A-E12	Fall	high	100417	Oct	24.82	27.77	2.757255642	0.751048387	1.632946379	0.727940402	82.66004495	11.52	79.480204	7.010512073	7.86
100417-B-F1	Fall	high	100417	Oct	24.82	27.77	2.757255642	0.751048387	1.632946379	0.727940402	82.66004495	11.52	79.480204	7.010512073	7.86
100417-C-F2	Fall	high	100417	Oct	24.82	27.77	2.757255642	0.751048387	1.632946379	0.727940402	82.66004495	11.52	79.480204	7.010512073	7.86
101117-A-F3	Fall	high	101117	Oct	28.1	29.23	2.650884358	0.721048387	2.026533997	0.72450816	74.9048552	11.13	69.3944057	13.63532083	6.85
101117-B-F4	Fall	high	101117	Oct	28.1	29.23	2.650884358	0.721048387	2.026533997	0.72450816	74.9048552	11.13	69.3944057	13.63532083	6.85
101817-A-F5	Fall	high	101817	Oct	23.9	29.75	2.491327433	0.961370968	2.18159204	0.708597136	82.139855	11.28	62.67266861	7.795878435	9.21
101817-B-F6	Fall	high	101817	Oct	23.9	29.75	2.491327433	0.961370968	2.18159204	0.708597136	82.139855	11.28	62.67266861	7.795878435	9.21
101817-C-F7	Fall	high	101817	Oct	23.9	29.75	2.491327433	0.961370968	2.18159204	0.708597136	82.139855	11.28	62.67266861	7.795878435	9.21
110817-A-F8	Fall	high	110817	Nov	21.42	31.19	2.648085114	0.550806452	2.043117745	0.689344109	62.20648895	5.75	41.71026879	6.37152373	10.71
110817-B-F9	Fall	high	110817	Nov	21.42	31.19	2.648085114	0.550806452	2.043117745	0.689344109	62.20648895	5.75	41.71026879	6.37152373	10.71
110817-C-F10	Fall	high	110817	Nov	21.42	31.19	2.648085114	0.550806452	2.043117745	0.689344109	62.20648895	5.75	41.71026879	6.37152373	10.71
111617-A-F11	Fall	mild	111617	Nov	16.43	30.53	2.230997712	0.881290323	0.973189608	0.673258713	62.7089768	6.48	32.21179486	7.202440674	13.37
111617-B-F12	Fall	mild	111617	Nov	16.43	30.53	2.230997712	0.881290323	0.973189608	0.673258713	62.7089768	6.48	32.21179486	7.202440674	13.37
111617-C-G1	Fall	mild	111617	Nov	16.43	30.53	2.230997712	0.881290323	0.973189608	0.673258713	62.7089768	6.48	32.21179486	7.202440674	13.37
112117-A-G2	Fall	mild	112117	Nov	16.1	30.83	2.760054886	0.35483871	3.245715865	0.648889228	59.20109375	4.43	53.17190362	6.217527061	13.48
112117-B-G3	Fall	mild	112117	Nov	16.1	30.83	2.760054886	0.35483871	3.245715865	0.648889228	59.20109375	4.43	53.17190362	6.217527061	13.48
120717-A-G4	Fall	mild	120717	Dec	16.95	30.82	3.174343043	0.428870968	1.90989497	0.470095504	54.7236392	0.86	81.30209981	15.27169026	12
120717-B-G5	Fall	mild	120717	Dec	16.95	30.82	3.174343043	0.428870968	1.90989497	0.470095504	54.7236392	0.86	81.30209981	15.27169026	12
120717-C-G6	Fall	mild	120717	Dec	16.95	30.82	3.174343043	0.428870968	1.90989497	0.470095504	54.7236392	0.86	81.30209981	15.27169026	12
121417-A-G7	Fall	mild	121417	Dec	12.17	29.94	1.659951874	0.908870968	4.819789939	0.531687059	58.7017832	5.08	34.45912781	8.155682764	15.21
121417-B-G8	Fall	mild	121417	Dec	12.17	29.94	1.659951874	0.908870968	4.819789939	0.531687059	58.7017832	5.08	34.45912781	8.155682764	15.21
121417-C-G9	Fall	mild	121417	Dec	12.17	29.94	1.659951874	0.908870968	4.819789939	0.531687059	58.7017832	5.08	34.45912781	8.155682764	15.21
